ALSAT 1                 
1 27559U 02054A   11148.16306377  .00000049  00000-0  16274-4 0  5934
2 27559  97.8409   9.1525 0022046 249.7986 110.0818 14.69539628453989
NIGERIASAT 1            
1 27941U 03042C   11148.16693420  .00000062  00000-0  20669-4 0  6530
2 27941  97.8480   2.5180 0012682  58.1606 302.0817 14.63190920409359
UK-DMC                  
1 27942U 03042D   11148.13522577  .00000207  00000-0  36641-4 0  6754
2 27942  97.8577   7.2355 0067506  52.0036 308.7236 14.75763004409651
BILSAT 1                
1 27943U 03042E   11148.04055017  .00000062  00000-0  20810-4 0  5091
2 27943  97.8443   1.5186 0012750  56.7013 303.5406 14.63025306409318
BEIJING 1               
1 28890U 05043A   11148.18360258  .00000047  00000-0  18977-4 0  3909
2 28890  97.9570  24.6836 0014210 280.9708  78.9885 14.60165045297518
HJ-1A                   
1 33320U 08041A   11148.04816292  .00000377  00000-0  62646-4 0    54
2 33320  97.9068 221.1052 0023746 320.7693  39.1803 14.75512968146550
HJ-1B                   
1 33321U 08041B   11148.21766231  .00000035  00000-0  12683-4 0   496
2 33321  97.9094 221.4134 0042383 331.7431  28.1501 14.75516147146561
YAOGAN 4                
1 33446U 08061A   11148.05677931 -.00000316  00000-0 -40123-4 0  7600
2 33446  97.8339 219.9238 0016297 264.8999  95.0329 14.74367574133853
YAOGAN 5                
1 33456U 08064A   11148.14481571  .00002975  00000-0  10741-3 0  7576
2 33456  97.2987 220.8539 0012527  45.1156  39.2658 15.29198709136355
DEIMOS-1                
1 35681U 09041A   11148.04513273  .00000139  00000-0  31723-4 0   294
2 35681  98.0674  47.3774 0001077 105.2115 254.9216 14.69451159 98024
UK-DMC 2                
1 35683U 09041C   11148.15339110  .00000029  00000-0  13038-4 0   505
2 35683  98.0692  46.4735 0001167  73.6161 286.5188 14.69446015 97968
