SAUDISAT 1A             
1 26545U 00057A   11148.18814967  .00000139  00000-0  36191-4 0  8461
2 26545  64.5539  89.4423 0005153  76.9265 283.2416 14.80909864576323
UNISAT                  
1 26547U 00057C   11148.13913760  .00000279  00000-0  52109-4 0  8821
2 26547  64.5561  68.1332 0009969 104.0765 256.1434 14.82902267576769
SAUDISAT 1B             
1 26549U 00057E   11148.22853365  .00000113  00000-0  33665-4 0  9371
2 26549  64.5541 109.9059 0009263 101.9889 258.2254 14.79751555575916
MOZHAYETS               
1 27560U 02054B   11148.12445046  .00000184  00000-0  51904-4 0  4500
2 27560  97.9283 324.4355 0043254 156.9004 203.4136 14.55236252449998
SAUDISAT 1C             
1 27607U 02058C   11147.27279216  .00000254  00000-0  60909-4 0  4755
2 27607  64.5589  31.2280 0070454 325.9094  33.7497 14.71745235453014
UNISAT 2                
1 27608U 02058D   11147.73642429  .00000047  00000-0  27866-4 0  4808
2 27608  64.5598 345.1689 0059131 311.5901  48.0121 14.74682274454012
SAUDISAT 2              
1 28371U 04025F   11148.13994017  .00000093  00000-0  32674-4 0  7650
2 28371  97.9385 169.1799 0026385   8.1442 352.0175 14.53041405366464
UNISAT 3                
1 28373U 04025H   11147.99193493  .00000163  00000-0  58648-4 0  9495
2 28373  98.0558 135.7347 0072289  99.6009 261.3395 14.43505305364531
SSETI EXPRESS (XO-53)   
1 28894U 05043E   11147.24836402  .00000109  00000-0  32038-4 0   807
2 28894  97.9647  23.5070 0016777 291.5875  68.3538 14.59833107297290
SAUDISAT 3              
1 31118U 07012B   11148.16514260  .00000023  00000-0  12249-4 0  3580
2 31118  97.9237 213.2864 0016151 134.0732 226.1817 14.68107088220344
