ATS 1                   
1 02608U 66110A   11145.35913638 -.00000298  00000-0  10000-3 0  2087
2 02608   6.7064 307.4726 0004362 160.2902 199.6774  1.00372272 79604
ATS 3                   
1 03029U 67111A   11145.49109026 -.00000111  00000-0  10000-3 0  8305
2 03029   8.3853 314.0586 0018387  68.4803 291.6775  1.00272702159470
ORIZURU (DEBUT)         
1 20479U 90013B   11147.85050829  .00000002  00000-0  78775-4 0  9097
2 20479  99.0310 306.8788 0539811 356.7172   3.0446 12.83706549998080
SURFSAT                 
1 23711U 95059B   11147.67680508  .00000002  00000-0  95869-4 0  8088
2 23711 100.3371 140.5485 0367877 300.7268  55.8033 13.12585624745515
MAQSAT H                
1 25023U 97066A   11146.99870538 -.00000086  00000-0 -44736-4 0  9705
2 25023   7.5986 175.6705 6513653 217.3789  71.6604  3.09587561153317
MAQSAT B                
1 25024U 97066B   11147.07039454 -.00000087  00000-0 -13118-4 0    16
2 25024   7.6391 172.3753 6523101 223.0354  61.7109  3.08778744153164
TEAMSAT                 
1 25025U 97066C   11147.26581754  .00000192  00000-0  16303-2 0    48
2 25025   7.6199 189.2659 6516314 190.0663 144.4378  3.07922560152732
OPAL (OO-38)            
1 26063U 00004C   11147.85045299  .00000034  00000-0  31680-4 0  1077
2 26063 100.1894  74.0895 0037299  63.3556 297.1434 14.35947609593794
FALCONSAT               
1 26064U 00004D   11147.48598343 -.00000167  00000-0 -37303-4 0   672
2 26064 100.1901  71.2475 0038680  72.9395 287.6001 14.35491334593578
PICOSAT 1 & 2 [TETHERED]
1 26080U 00004H   11147.79734688  .00000307  00000-0  11443-3 0  6001
2 26080 100.2044 103.3941 0032467 358.4615   1.6509 14.40593830593649
PICOSAT 3               
1 26091U 00004J   11146.95639524  .00000418  00000-0  13967-3 0  2117
2 26091 100.2087 117.5705 0031302 313.5288  46.3292 14.43909105593686
PICOSAT 4               
1 26092U 00004K   11146.86410259  .00000258  00000-0  98805-4 0   407
2 26092 100.1881  95.5347 0035461 356.7909   3.3025 14.40588696592720
PICOSAT 5               
1 26093U 00004L   11147.36360831  .00000559  00000-0  17493-3 0  9422
2 26093 100.2077 126.8272 0031484 288.1727  71.6051 14.45533643594480
PICOSAT 6               
1 26094U 00004M   11147.30349258  .00000245  00000-0  96163-4 0  1591
2 26094 100.1915  93.8137 0034978   8.5456 351.6225 14.39876575592241
SNAP 1                  
1 26386U 00033C   11147.22547323  .00000079  00000-0  23850-4 0  3131
2 26386  98.2911 199.5155 0012476 128.4119 231.8203 14.65416692582994
PICOSAT 9               
1 26930U 01043B   11148.06811136 -.00000035  00000-0  18599-4 0  7374
2 26930  67.0025   8.3956 0011030 265.1153  94.8682 14.30112859504247
PROBA-1                 
1 26958U 01049B   11148.16989845  .00000742  00000-0  77763-4 0  8591
2 26958  97.5191 191.1864 0081253 167.7941 192.5258 14.90074180521530
CUTE-1 (CO-55)          
1 27844U 03031E   11147.05028817  .00000097  00000-0  65360-4 0  1180
2 27844  98.7055 156.0584 0008867 261.8360  98.1803 14.20809745409917
CANX-1                  
1 27847U 03031H   11147.51458711  .00000007  00000-0  23424-4 0   303
2 27847  98.6956 157.1916 0008580 235.2089 124.8257 14.21090582410032
CUBESAT XI-IV (CO-57)   
1 27848U 03031J   11146.99041294  .00000085  00000-0  59686-4 0   674
2 27848  98.7120 155.1823 0008695 265.9103  94.1054 14.20589556409851
NAXING 1                
1 28221U 04012B   11147.55236532  .00000157  00000-0  22422-4 0  8164
2 28221  97.4511 151.3148 0012100   9.8833 350.2616 14.88284648385802
ST5-A                   
1 28980U 06008A   11147.10459627  .00008023  00000-0  45511-3 0  6145
2 28980 105.7058 161.2281 2318109  98.1042 288.7093 10.69266163200429
ST5-B                   
1 28981U 06008B   11147.64277787  .00014802  16040-5  48165-3 0  7192
2 28981 105.5637 201.1356 2247213  45.7578 330.7303 10.92144683202485
ST5-C                   
1 28982U 06008C   11148.04761715  .00015447  14968-5  58951-3 0  7161
2 28982 105.6072 190.6825 2272618  63.6437 317.9833 10.84675723201864
GENESIS 1               
1 29252U 06029A   11147.56355073  .00000505  00000-0  48407-4 0  3390
2 29252  64.5119 245.1717 0051779 295.4101  64.1661 15.04215136267575
FALCONSAT-3             
1 30776U 07006E   11148.20326621  .00001073  00000-0  77873-4 0   946
2 30776  35.4322 108.4872 0002178 281.5680  78.4792 15.04601738232034
GENESIS 2               
1 31789U 07028A   11147.54160602  .00000517  00000-0  50241-4 0   847
2 31789  64.5078 277.4054 0014674 350.7604   9.3239 15.03868285214768
APRIZESAT 4             
1 35684U 09041D   11147.31255997  .00000294  00000-0  49451-4 0  5803
2 35684  98.0789  53.4899 0050480  20.9740 339.3543 14.76232741 98336
APRIZESAT 3             
1 35686U 09041F   11148.23964633  .00000238  00000-0  35052-4 0  5799
2 35686  98.0894  61.5204 0079668   0.8220 359.3108 14.82795019 98905
PROBA-2                 
1 36037U 09059B   11147.61556696 -.00000045  00000-0  00000+0 0  4871
2 36037  98.3113 337.0490 0012946 305.1120  54.9218 14.52050735 82939
PRISMA (MANGO)          
1 36599U 10028B   11147.89470438  .00000194  00000-0  73030-4 0  2736
2 36599  98.2877 329.2611 0042069 228.5942 131.1624 14.40961470 49874
PRISMA (TANGO)          
1 36827U 10028F   11148.17246795  .00000120  00000-0  50216-4 0  8601
2 36827  98.2856 329.5275 0042140 226.9827 132.7808 14.40960299 41688
