LES 9                   
1 08747U 76023B   11147.30754500 -.00000066  00000-0  10000-3 0  6154
2 08747  11.7467 129.1734 0024688 350.0331 133.1793  1.00269551 74539
MARISAT 2               
1 09478U 76101A   11146.55049447 -.00000068  00000-0  10000-3 0  3975
2 09478  13.2993 351.1540 0094755 216.1996 143.1075  0.97590070 69801
GOES 3                  
1 10953U 78062A   11145.59140802 -.00000141  00000-0  10000-3 0  4224
2 10953  14.5431 354.0494 0006543  52.2704 307.7494  1.00275259 73763
ESIAFI 1 (COMSTAR 4)    
1 12309U 81018A   11147.11670539 -.00000133  00000-0  10000-3 0  4356
2 12309  14.4287   4.0354 0005418 345.8435  14.1076  1.00261243112304
SATCOM C5               
1 13631U 82105A   11146.68327964 -.00000107  00000-0  10000-3 0  8866
2 13631  13.6150  24.6282 0006842 341.6785  18.2504  1.00273554 71229
TDRS 1                  
1 13969U 83026B   11145.80164434 -.00000129  00000-0  10000-3 0  2663
2 13969  13.5816   5.6483 0020068 103.2459 256.9388  0.98745804 76043
GSTAR 1                 
1 15677U 85035A   11147.73057121 -.00000095  00000-0  10000-3 0  3945
2 15677  12.1453  42.6495 0008863 330.7333  29.1409  1.00272832 70097
INTELSAT 511            
1 15873U 85055A   11144.39364977  .00000005  00000-0  10000-3 0  6295
2 15873  13.2620  31.7862 0017467 324.5222  35.3098  1.00111728 69455
GOES 7                  
1 17561U 87022A   11147.38384685  .00000075  00000-0  10000-3 0  9815
2 17561  13.3115  29.9477 0004846  89.7082  90.3091  1.00285977 72022
GSTAR 3                 
1 19483U 88081A   11146.36229161 -.00000112  00000-0  10000-3 0  6001
2 19483  15.1248  14.1038 0010299  25.4148 228.9934  1.00272809 79451
TDRS 3                  
1 19548U 88091B   11145.32432809 -.00000295  00000-0  10000-3 0  6545
2 19548  13.0981  32.4960 0034093 328.8036 309.3994  1.00272251 70233
ASTRA 1A                
1 19688U 88109B   11146.19755505 -.00000052  00000-0  10000-3 0  8449
2 19688   9.2714  55.8691 0021033 339.7098  20.0977  0.98335835 62017
TDRS 4                  
1 19883U 89021B   11147.39996236 -.00000280  00000-0  10000-3 0   435
2 19883  11.9719  43.5822 0008462   4.5312 294.6403  1.00273175253822
INTELSAT 602 (IS-602)   
1 20315U 89087A   11147.24763015  .00000035  00000-0  10000-3 0  2664
2 20315   8.5491  57.2666 0001643  20.6027  73.5482  1.00271942 76832
LEASAT 5                
1 20410U 90002B   11147.58932851 -.00000068  00000-0  10000-3 0  5011
2 20410   9.5042  30.6832 0002960  21.8722 116.3827  1.00272322 63556
INTELSAT 603 (IS-603)   
1 20523U 90021A   11147.15838897  .00000075  00000-0  00000+0 0  8335
2 20523   8.0446  58.8045 0001174  23.5277 230.5452  1.00272891 70586
ASIASAT 1               
1 20558U 90030A   11146.21417284 -.00000047  00000-0  10000-3 0  9596
2 20558  10.6507  51.6988 0003130 316.4300  43.4508  0.99240480 77107
INSAT-1D                
1 20643U 90051A   11146.25144224 -.00000088  00000-0  10000-3 0  1169
2 20643  11.3311  47.7972 0018311  32.9200 327.1101  1.00287276 63594
COSMOS 2085             
1 20693U 90061A   11146.18477956 -.00000137  00000-0  10000-3 0  1747
2 20693  13.3187  28.6572 0006027 355.3678   4.5772  1.00265095 76340
SKYNET 4C               
1 20776U 90079A   11147.07233777 -.00000024  00000-0  10000-3 0  2801
2 20776  11.2563  39.9656 0002515  18.6545 210.5164  1.00272946 75790
EUTELSAT 2-F1           
1 20777U 90079B   11144.67329347 -.00000155  00000-0  10000-3 0  1662
2 20777  10.8270  50.8281 0003529 337.3346  22.5642  0.99345841 56101
GALAXY 6                
1 20873U 90091B   11147.28425021  .00000031  00000-0  10000-3 0  5418
2 20873   7.8411  59.7079 0004567  13.9516 345.9186  0.99754652 69926
INMARSAT 2-F1           
1 20918U 90093A   11146.39235873  .00000106  00000-0  10000-3 0  4844
2 20918   8.1404  48.7169 0003199   7.3441 186.7601  1.00271014 71772
GSTAR 4                 
1 20946U 90100B   11146.05161376 -.00000270  00000-0  10000-3 0  5544
2 20946   8.0419  59.6247 0001758 305.3771  54.4698  0.99146496 69756
COSMOS 2133             
1 21111U 91010A   11147.20569102 -.00000111  00000-0  10000-3 0  3831
2 21111  12.5701  34.5376 0009481   0.6683 359.2693  1.00285379 74291
INMARSAT 2-F2           
1 21149U 91018A   11147.12876478  .00000115  00000-0  10000-3 0  5675
2 21149   7.4585  49.6087 0003939   9.9314  87.1820  1.00275495 74079
TDRS 5                  
1 21639U 91054B   11148.20490781  .00000105  00000-0  10000-3 0  8366
2 21639  11.3917  47.1054 0022637 335.7122 128.7728  1.00267647 72589
ANIK E1                 
1 21726U 91067A   11146.35302332  .00000087  00000-0  10000-3 0  4247
2 21726   7.4531  61.5981 0002995 259.6622 100.1595  0.99167912 62729
INTELSAT 601 (IS-601)   
1 21765U 91075A   11146.95225117  .00000126  00000-0  10000-3 0  1544
2 21765   6.1712  63.5226 0001161  46.8011 164.1478  1.00273637 71528
EUTELSAT 2-F3           
1 21803U 91083A   11146.25091677  .00000023  00000-0  10000-3 0  9983
2 21803  10.0362  53.7509 0004070 336.1989  23.6788  0.99293055 67040
GALAXY 5                
1 21906U 92013A   11146.62333715 -.00000245  00000-0  10000-3 0  1578
2 21906   5.9387  64.7047 0018241 315.7528  43.9264  0.99290035 61795
INMARSAT 2-F4           
1 21940U 92021B   11145.72015784 -.00000352  00000-0  10000-3 0  2882
2 21940   6.0095  47.2757 0002802  30.5370 173.2877  1.00267111 69942
EUTELSAT 2-F4           
1 22028U 92041B   11145.49239669 -.00000187  00000-0  10000-3 0  4211
2 22028   9.2681  56.7959 0003709  67.8820 292.0458  0.99080977 61728
HELLAS SAT 1 (DFS 3)    
1 22175U 92066A   11146.72513996 -.00000121  00000-0  10000-3 0  6418
2 22175   8.5567  57.6542 0006729 358.6942   1.1768  0.99726671 65742
GORIZONT 27             
1 22245U 92082A   11147.63883768 -.00000235  00000-0  10000-3 0  6553
2 22245  12.6307  37.1701 0011619 258.0724 101.7292  1.00154249 72053
COSMOS 2224             
1 22269U 92088A   11146.22323791 -.00000136  00000-0  10000-3 0  7500
2 22269  11.8205  39.9535 0003744  41.0360 318.9196  1.00394465 67019
TDRS 6                  
1 22314U 93003B   11147.38000015  .00000093  00000-0  10000-3 0  8678
2 22314  10.7770  50.0033 0014648 356.2956 163.9688  1.00280079 67298
ASTRA 1C                
1 22653U 93031A   11148.16180536  .00000017  00000-0  10000-3 0  7157
2 22653   4.2968  68.6803 0004576 355.9324 240.9564  1.00273204 61177
INSAT-2B                
1 22724U 93048B   11146.27565667 -.00000001  00000-0  10000-3 0   681
2 22724   9.5389  54.7345 0014858  51.3070 308.7168  0.99958651 65593
ACTS                    
1 22796U 93058B   11145.75591891 -.00000093  00000-0  10000-3 0  9108
2 22796  10.9785  49.2401 0014861 358.8722   1.0380  1.00272238 71749
INTELSAT 701 (IS-701)   
1 22871U 93066A   11146.34589759  .00000054  00000-0  10000-3 0  7044
2 22871   0.0177  26.2571 0003196  36.8794 124.9587  1.00273207 64307
GORIZONT 29             
1 22907U 93072A   11144.99159525 -.00000136  00000-0  10000-3 0  8801
2 22907  12.1856  40.4521 0009862 240.6615 119.1721  1.00170101 64104
SOLIDARIDAD 1           
1 22911U 93073A   11146.76198639 -.00000103  00000-0  10000-3 0  4353
2 22911   9.5167  54.6851 0004834  37.7193 322.2021  1.00279169 62761
METEOSAT-6 (MOP-3)      
1 22912U 93073B   11147.85687289  .00000035  00000-0  00000+0 0  1365
2 22912   9.9451  51.4085 0004522  26.2334 333.6704  0.98983336 62588
NATO 4B                 
1 22921U 93076A   11147.15236892  .00000146  00000-0  10000-3 0  5082
2 22921   9.2719  45.7307 0002596  12.4471 275.6050  1.00272119 63998
GOES 8                  
1 23051U 94022A   11147.26780774  .00000028  00000-0  10000-3 0  7096
2 23051   7.4618  64.0068 0002388 227.9871 131.8430  0.98902821 69734
INTELSAT 702 (IS-702)   
1 23124U 94034A   11145.65423069  .00000085  00000-0  10000-3 0  5284
2 23124   0.0067 244.6516 0001665 177.8114 110.7635  1.00272689 76216
INTELSAT 2 (IS-2)       
1 23175U 94040A   11147.43012138  .00000066  00000-0  00000+0 0  9116
2 23175   2.2428  79.3464 0009938 301.2603  58.2418  0.99192702 61133
BS-3N                   
1 23176U 94040B   11147.72776417 -.00000345  00000-0  10000-3 0  2889
2 23176   0.0322 308.1644 0001378  64.7978 243.8917  1.00272905 61641
APSTAR 1                
1 23185U 94043A   11148.16130014 -.00000262  00000-0  10000-3 0  7498
2 23185   6.0630  63.5249 0002024 353.0418  28.8723  1.00269700 61706
DIRECTV 2 (DBS 2)       
1 23192U 94047A   11146.97212061 -.00000107  00000-0  10000-3 0  7689
2 23192   4.1259  69.1154 0008193 238.4662 121.2028  0.98636401 71425
OPTUS B3                
1 23227U 94055A   11147.54143647 -.00000070  00000-0  10000-3 0  7526
2 23227   3.1634  71.0537 0007606 348.1340 184.4881  1.00272540 61316
NSS-703                 
1 23305U 94064A   11147.00000000 -.00000274  00000-0  00000+0 0  4268
2 23305   1.5990  74.8570 0003046   0.3950 121.9240  1.00269480 61039
SOLIDARIDAD 2           
1 23313U 94065A   11147.25362135 -.00000022  00000-0  00000+0 0  8013
2 23313   2.9535  71.6600 0004408   1.5057 147.6923  1.00272719 60908
EXPRESS 1               
1 23319U 94067A   11146.06573683 -.00000294  00000-0  10000-3 0  9737
2 23319   9.7171  54.1353 0004792  34.6448 325.2827  0.99834057 60681
ASTRA 1D                
1 23331U 94070A   11147.71824486  .00000154  00000-0  10000-3 0  1598
2 23331   3.3683  69.9973 0002202 337.7354 123.7609  1.00275444 61156
RADUGA 32               
1 23448U 94087A   11147.23500670 -.00000098  00000-0  10000-3 0  3880
2 23448  11.7128  44.2344 0003010 105.7394 254.2121  1.00284521 77797
INTELSAT 705 (IS-705)   
1 23528U 95013A   11147.18332400 -.00000212  00000-0  00000+0 0  2395
2 23528   1.4299  74.6286 0021784 327.9911  31.2271  0.98974403 59176
BRASILSAT B2            
1 23536U 95016A   11148.13689994 -.00000162  00000-0  10000-3 0  4296
2 23536   3.0168  72.2610 0003543 358.9121 131.4141  1.00270256 59261
AMSC 1                  
1 23553U 95019A   11146.37106944 -.00000101  00000-0  10000-3 0  3901
2 23553   6.1930  63.5849 0009169  15.1298 195.1485  1.00272692 59056
INTELSAT 706 (IS-706)   
1 23571U 95023A   11146.86206017 -.00000056  00000-0  10000-3 0  2977
2 23571   0.0114   6.8829 0003266  50.8257 208.8204  1.00273014 58671
TDRS 7                  
1 23613U 95035B   11147.96303672 -.00000181  00000-0  10000-3 0  9914
2 23613  12.4550  40.2242 0029378 337.0214 299.1619  1.00254272 58101
COSMOS 2319             
1 23653U 95045A   11146.49762426 -.00000138  00000-0  10000-3 0  2254
2 23653  11.3635  46.2696 0006750  57.6829 302.3043  1.00282074 57638
TELSTAR 4 (TELSTAR 402R)
1 23670U 95049A   11146.74065622 -.00000182  00000-0  10000-3 0  1831
2 23670   7.0128  61.2141 0003937 305.0431  54.7621  1.00265004 57398
LUCH 1                  
1 23680U 95054A   11146.25834873 -.00000117  00000-0  10000-3 0   181
2 23680  10.5831  54.1707 0010366 340.5612  19.3036  1.00272369 57240
ASTRA 1E                
1 23686U 95055A   11147.22180101  .00000038  00000-0  00000+0 0  2542
2 23686   0.9334  80.5068 0003379 341.2269 267.4719  1.00272005 57210
AMOS 5I                 
1 23723U 95064A   11147.80799468  .00000115  00000-0  10000-3 0  5195
2 23723   0.6938  78.0133 0003137 352.1790 122.6869  1.00273301 56752
ECHOSTAR 1              
1 23754U 95073A   11147.24433472 -.00000237  00000-0  10000-3 0  4800
2 23754   0.0028 285.8651 0002879 140.6413 188.7593  1.00271693 56295
INTELSAT 3R (IS-3R)     
1 23764U 96002A   11146.84340630 -.00000222  00000-0  10000-3 0   363
2 23764   1.6474  75.4194 0003967 338.4423  52.8202  1.00270776 56299
AFRICASAT-1 (MEASAT-1)  
1 23765U 96002B   11146.91282515  .00000135  00000-0  10000-3 0  2037
2 23765   3.3203  70.6060 0001546   8.3193 179.7830  1.00272923 56276
ABS-1A (KOREASAT 2)     
1 23768U 96003A   11147.58155198 -.00000081  00000-0  10000-3 0  3213
2 23768   4.0694  68.7825 0000460 353.0226 107.1394  1.00272448 56260
PAKSAT 1 (ANATOLIA 1)   
1 23779U 96006A   11145.75239315  .00000153  00000-0  00000+0 0  5822
2 23779   0.0481 147.7668 0002985 281.9491 122.1424  1.00272470 56022
INTELSAT 707 (IS-707)   
1 23816U 96015A   11148.15220860 -.00000278  00000-0  10000-3 0  1972
2 23816   0.0397  49.2852 0003404  27.8019 170.0702  1.00272031 55697
INMARSAT 3-F1           
1 23839U 96020A   11148.03248640  .00000018  00000-0  10000-3 0  8064
2 23839   0.1369  19.5497 0004722  40.7635 261.0762  1.00272648 55487
ASTRA 1F                
1 23842U 96021A   11147.71545914  .00000115  00000-0  00000+0 0  3065
2 23842   0.0589  64.5946 0003789  20.9771 107.8851  1.00273409 55398
MSAT M1                 
1 23846U 96022A   11147.00170275 -.00000077  00000-0  10000-3 0  9751
2 23846   3.5680  69.8621 0004953   2.3558  66.1013  1.00272326 55306
PALAPA C2               
1 23864U 96030A   11148.24831007 -.00000190  00000-0  10000-3 0  2663
2 23864   1.0983  76.9359 0001732 339.8592  68.5092  1.00270373 55044
INTELSAT 24 (IS-24)     
1 23865U 96030B   11146.98372260  .00000131  00000-0  10000-3 0  4794
2 23865   2.6168  73.5792 0003751 348.8848 223.1347  1.00269388 55022
GORIZONT 32             
1 23880U 96034A   11146.66757627 -.00000365  00000-0  10000-3 0  7731
2 23880  10.9622  48.0551 0002273 315.8419 237.5228  1.00266191 54948
INTELSAT 709 (IS-709)   
1 23915U 96035A   11148.00309435  .00000071  00000-0  10000-3 0  3369
2 23915   0.0467 101.6572 0004639 326.3587 234.0060  1.00367801 54771
APSTAR 1A               
1 23943U 96039A   11148.00881384  .00000110  00000-0  10000-3 0  6099
2 23943   5.3861  65.1536 0001126 327.8600 266.8250  1.00271583 54586
TURKSAT 1C              
1 23949U 96040B   11146.45392169  .00000142  00000-0  10000-3 0  4017
2 23949   2.8914  71.1065 0009185   2.1612 357.5131  1.00315338 54501
TELECOM 2D              
1 24209U 96044B   11145.25370409 -.00000068  00000-0  10000-3 0  2141
2 24209   4.6004  67.2496 0007795 352.3851 266.4065  1.00271242 54302
INMARSAT 3-F2           
1 24307U 96053A   11148.07781065 -.00000116  00000-0  10000-3 0  7494
2 24307   0.0810 356.4098 0005628  65.0011 196.3589  1.00271756 53903
ECHOSTAR 2              
1 24313U 96055A   11146.93160801  .00000131  00000-0  10000-3 0  3026
2 24313   2.5940  72.3715 0005434 334.7929  24.8125  1.00283340 53925
AMC-1 (GE-1)            
1 24315U 96054A   11148.12269583 -.00000095  00000-0  00000+0 0  5776
2 24315   0.0075 293.4289 0003338 131.0856 121.9719  1.00272413 53892
ARABSAT-2B              
1 24652U 96063A   11147.80239895  .00000129  00000-0  10000-3 0  3788
2 24652   0.0453 112.7408 0006502 347.4236  93.6595  1.00273401 53720
AFRICASAT-2 (MEASAT-2)  
1 24653U 96063B   11146.91248742 -.00000306  00000-0  10000-3 0  3880
2 24653   3.2708  70.6724 0004205 352.6082 246.2029  1.00437154 53272
EUTELSAT W48            
1 24665U 96067A   11147.71650007  .00000129  00000-0  10000-3 0  2934
2 24665   1.9926  74.3191 0005637 347.9603 128.7935  1.00273421 53542
INMARSAT 3-F3           
1 24674U 96070A   11147.37955270  .00000046  00000-0  10000-3 0  7900
2 24674   0.1737  51.1863 0006085  30.1315 118.0377  1.00277617 52857
AMC-2 (GE-2)            
1 24713U 97002A   11148.17627120 -.00000227  00000-0  10000-3 0  1422
2 24713   0.0216 288.9265 0002978 149.5109 151.4320  1.00271336  3274
INTELSAT 26 (IS-26)     
1 24732U 97007A   11148.02728200  .00000118  00000-0  10000-3 0  9968
2 24732   3.2327  70.7237 0003521 355.1240 239.4859  1.00273512 52181
INTELSAT 801 (IS-801)   
1 24742U 97009A   11146.41794793 -.00000212  00000-0  10000-3 0  9317
2 24742   2.4488  73.3965 0002094 340.1672 311.0255  1.00271673 52177
DIRECTV 6 (TEMPO 2)     
1 24748U 97011A   11146.45735684 -.00000071  00000-0  10000-3 0  3647
2 24748   4.9185  66.9950 0024855 180.0392 179.7513  0.99033369 51951
DFH 3-2                 
1 24798U 97021A   11147.41155677  .00000153  00000-0  10000-3 0  9341
2 24798   6.7473  62.0729 0014254 345.9028  13.8948  1.00320002 51447
THOR II                 
1 24808U 97025A   11147.70672691  .00000119  00000-0  10000-3 0  9262
2 24808   2.7984  72.0185 0000485  13.4544  68.9191  1.00393172 51360
GALAXY 25 (G-25)        
1 24812U 97026A   11146.34826071 -.00000161  00000-0  00000+0 0  2569
2 24812   0.0098  23.8372 0002846  39.9893 212.0147  1.00272189 51308
INMARSAT 3-F4           
1 24819U 97027A   11147.36511847 -.00000281  00000-0  10000-3 0  6418
2 24819   1.3529  73.6842 0005236 350.2302 258.1253  1.00270992 51278
FENGYUN 2A              
1 24834U 97029A   11146.03734090 -.00000148  00000-0  10000-3 0  6239
2 24834  10.0733  54.5560 0094937  90.7715 270.1887  0.96052222 50560
SUPERBIRD-C             
1 24880U 97036A   11147.28965941 -.00000125  00000-0  10000-3 0    90
2 24880   2.3344  73.2910 0005994 344.0851  89.3858  1.00270899 50590
ABS 5 (AGILA 2)         
1 24901U 97042A   11147.59066148 -.00000230  00000-0  10000-3 0  3300
2 24901   0.3484  85.4082 0005494 341.9429 176.0384  1.00271186 50424
INTELSAT 5 (IS-5)       
1 24916U 97046A   11147.47604735 -.00000025  00000-0  10000-3 0  1341
2 24916   0.0280  71.5203 0001531 351.0260 162.5414  1.00272515 50482
EUTELSAT W75            
1 24931U 97049A   11147.91332006 -.00000083  00000-0  10000-3 0  3806
2 24931   2.0654  74.3038 0009895   5.6541 209.1821  1.00272314 50362
METEOSAT-7              
1 24932U 97049B   11147.66173086  .00000066  00000-0  00000+0 0  5997
2 24932   6.8650  60.9464 0001815  40.1652  79.5854  1.00278933 50308
AMC-3 (GE-3)            
1 24936U 97050A   11147.18766238 -.00000192  00000-0  10000-3 0   673
2 24936   0.0135   1.1749 0002847  63.6882 160.0900  1.00273484 50292
NSS-5                   
1 24957U 97053A   11147.17476104 -.00000151  00000-0  00000+0 0  1512
2 24957   0.0106 302.7951 0003044 119.3561 225.1409  1.00271943 50083
ECHOSTAR 3              
1 25004U 97059A   11147.21389069 -.00000278  00000-0  00000+0 0   227
2 25004   0.0471  38.6580 0002006  47.6426 173.6872  1.00272105 49995
TELSTAR 10 (APSTAR 2R)  
1 25010U 97062A   11147.85282367 -.00000095  00000-0  10000-3 0  4452
2 25010   0.0669  90.2491 0004571 342.8932 195.4159  1.00271814 49858
INDOSTAR 1              
1 25050U 97071B   11147.84313804 -.00000339  00000-0  10000-3 0  4569
2 25050   5.2551  65.5329 0004818  12.3521 218.5201  1.00271794 49617
JCSAT-1B                
1 25067U 97075A   11148.25087616 -.00000194  00000-0  10000-3 0  3328
2 25067   1.1128  76.7486 0006307 351.9992  57.0059  1.00270770 49426
ASTRA 1G                
1 25071U 97076A   11147.71797110  .00000160  00000-0  00000+0 0  9942
2 25071   0.0408  31.1501 0005434  41.2110 102.5221  1.00274864 49429
GALAXY 8                
1 25086U 97078A   11147.38611064  .00000114  00000-0  10000-3 0   727
2 25086   7.8844  59.5611 0009386 296.4390  63.3041  0.99699094 49173
HGS-1 (ASIASAT 3)       
1 25126U 97086A   11145.90193392 -.00000025  00000-0  10000-3 0  5004
2 25126   3.2975  91.6639 0046256 249.9228 109.3662  1.00376025 49988
BRASILSAT B3            
1 25152U 98006A   11147.45937990 -.00000244  00000-0  10000-3 0  4011
2 25152   0.0486 198.8136 0000852  11.3675 124.8504  1.00273658 48816
INMARSAT 3-F5           
1 25153U 98006B   11146.94226126  .00000142  00000-0  10000-3 0  6161
2 25153   0.4611 347.5477 0004927  76.7192 183.8042  1.00271086 48778
EUROBIRD 16             
1 25237U 98013A   11147.75446698  .00000108  00000-0  10000-3 0  2427
2 25237   0.0623  23.1185 0003843 128.2359  20.9833  1.00269612 48824
NSS-806                 
1 25239U 98014A   11147.18566389 -.00000257  00000-0  10000-3 0  7079
2 25239   0.0305  34.3911 0003394  46.1093 190.2241  1.00271127 48578
NILESAT 101             
1 25311U 98024A   11148.16885455 -.00000051  00000-0  10000-3 0  9623
2 25311   0.0457  55.6140 0006202  15.4413 228.0920  1.00272081 48184
COSMOS 2350             
1 25315U 98025A   11146.28121791 -.00000036  00000-0  10000-3 0  5916
2 25315   8.9773  53.9643 0009523 359.5236   0.3714  1.00269911 47896
ECHOSTAR 4              
1 25331U 98028A   11147.21579943 -.00000240  00000-0  10000-3 0  4227
2 25331   2.6850  59.8494 0004313   8.5072 176.9142  1.00271030 47925
CHINASAT 5A (ZX 5A)     
1 25354U 98033A   11147.91666446 -.00000201  00000-0  10000-3 0  1572
2 25354   0.0273 250.8135 0003095 163.7224 248.0612  1.00274397 52147
THOR III                
1 25358U 98035A   11147.97441726 -.00000030  00000-0  10000-3 0  7268
2 25358   1.0632  76.8411 0003171 346.7669 168.0458  1.00273286 47571
INTELSAT 805 (IS-805)   
1 25371U 98037A   11146.29387780 -.00000285  00000-0  10000-3 0  6674
2 25371   0.0155   7.0427 0003115  72.7608 214.0000  1.00270755 47400
CHINASAT 5B (ZX 5B)     
1 25404U 98044A   11146.90661668 -.00000349  00000-0  10000-3 0  6320
2 25404   0.0382 287.3511 0004794 152.7278 240.9083  1.00275984 47264
ST-1                    
1 25460U 98049A   11147.91666440 -.00000205  00000-0  10000-3 0   103
2 25460   0.0078 316.8646 0003626 114.8119 231.4221  1.00273505 46738
ASTRA 2A                
1 25462U 98050A   11147.00000000  .00000153  00000-0  00000+0 0  2480
2 25462   0.0220 134.8170 0003698 324.1490 173.4600  1.00270991 46716
INTELSAT 7 (IS-7)       
1 25473U 98052A   11146.90918544 -.00000023  00000-0  10000-3 0  1844
2 25473   0.0112  21.8256 0003119  44.1579 214.1007  1.00273229 46499
SIRIUS 3                
1 25492U 98056B   11146.57558212  .00000109  00000-0  00000+0 0  8648
2 25492   2.1676  73.9517 0002672  22.8026  45.4708  1.00275711 46388
EUROBIRD 2              
1 25495U 98057A   11148.06353778  .00000150  00000-0  10000-3 0   348
2 25495   0.0657 349.5764 0005191  72.7170 231.3090  1.00272918 46304
AFRISTAR                
1 25515U 98063A   11147.67399944  .00000133  00000-0  10000-3 0  8539
2 25515   0.0263 344.0456 0004273  76.9496  87.5382  1.00274104 46084
AMC-5 (GE-5)            
1 25516U 98063B   11148.17627083 -.00000226  00000-0  10000-3 0  7896
2 25516   0.8834  78.2089 0003210 353.4811 158.0895  1.00271868 46121
INTELSAT 8 (IS-8)       
1 25522U 98065A   11145.63119995 -.00000058  00000-0  10000-3 0  9694
2 25522   0.0011 314.2466 0003205  91.3778 230.4569  1.00272008 46055
BONUM 1                 
1 25546U 98068A   11147.76920014  .00000084  00000-0  10000-3 0  8777
2 25546   0.0468 120.5150 0002863 293.7591 163.5796  1.00275318 45903
SATMEX 5                
1 25558U 98070A   11146.34762037 -.00000012  00000-0  10000-3 0  8036
2 25558   0.0016 272.8578 0002634 147.9982 191.0445  1.00272536 45883
GALAXY 26 (G-26)        
1 25626U 99005A   11147.71545928  .00000116  00000-0  10000-3 0  8293
2 25626   0.0081   3.2256 0002616  70.0944 119.9226  1.00274163 44999
JCSAT-4A                
1 25630U 99006A   11145.76274917 -.00000357  00000-0  10000-3 0  8411
2 25630   0.0090 110.1752 0002098 306.7050 224.6919  1.00270893 44836
BADR-3 (ARABSAT-3A)     
1 25638U 99009A   11147.18678865 -.00000357  00000-0  10000-3 0  9332
2 25638   2.4153  73.4750 0003844 290.7298  68.8341  1.00147860 44918
SKYNET 4E               
1 25639U 99009B   11146.68210124  .00000149  00000-0  10000-3 0  9784
2 25639   6.9088  47.4125 0002871  18.8571  98.5799  1.00269633 44880
ASIASAT 3S              
1 25657U 99013A   11146.80345111 -.00000331  00000-0  10000-3 0  9344
2 25657   0.0379 143.7065 0002488 293.3821 201.6457  1.00269658 44664
EUTELSAT W6             
1 25673U 99018A   11147.98361293  .00000136  00000-0  10000-3 0  1867
2 25673   0.0719   5.3891 0004278  57.7494 197.7320  1.00270446 44444
NIMIQ 1                 
1 25740U 99027A   11145.34545064 -.00000177  00000-0  10000-3 0  8537
2 25740   0.0197 291.3219 0005888 123.6759 220.8445  1.00274225 44035
ASTRA 1H                
1 25785U 99033A   11148.18172098  .00000127  00000-0  00000+0 0  9137
2 25785   0.0857  99.4038 0005206 357.2589 233.3020  1.00272502 43788
TELKOM 1                
1 25880U 99042A   11148.23685815 -.00000337  00000-0  10000-3 0  1204
2 25880   0.0183  29.3070 0001427  32.9047  16.4690  1.00270971 43254
ABS-7 (KOREASAT 3)      
1 25894U 99046A   11147.78452747 -.00000356  00000-0  00000+0 0  7963
2 25894   0.0058 277.9889 0001085 228.4397 136.8704  1.00270502 42015
GALAXY 27 (G-27)        
1 25922U 99052A   11148.03523603  .00000143  00000-0  10000-3 0  8443
2 25922   0.0415  70.5069 0002658 355.1815 237.3147  1.00273448 42741
ABS-1 (LMI 1)           
1 25924U 99053A   11147.60063483 -.00000082  00000-0  10000-3 0  8367
2 25924   0.0146 292.8402 0001478 128.8494 114.3146  1.00272404 42767
DIRECTV 1R              
1 25937U 99056A   11147.26421154 -.00000254  00000-0  10000-3 0   227
2 25937   0.0172  59.4872 0003309   9.7990 197.7955  1.00274355 42615
TELSTAR 12 (ORION 2)    
1 25949U 99059A   11148.17178515 -.00000112  00000-0  10000-3 0  9844
2 25949   0.0316  61.0105 0002965   3.8513 227.3548  1.00272164 42499
AMC-4 (GE-4)            
1 25954U 99060A   11145.37285729 -.00000275  00000-0  10000-3 0   130
2 25954   0.0192   2.3874 0003447  44.3839 263.0578  1.00270218 42314
GALAXY 11 (G-11)        
1 26038U 99071A   11147.14915131  .00000160  00000-0  10000-3 0  1076
2 26038   0.0181 251.4342 0000292 250.9680 188.4340  1.00273504 41954
ZHONGXING-22            
1 26058U 00003A   11147.88419846 -.00000285  00000-0  10000-3 0  6971
2 26058   2.8107  71.3439 0003071   7.8464 222.0724  1.00274638 41575
HISPASAT 1C             
1 26071U 00007A   11147.81404654 -.00000210  00000-0  10000-3 0  5487
2 26071   0.0646  54.1133 0005737   1.0560  92.9279  1.00271710 41502
GARUDA 1                
1 26089U 00011A   11146.92132725 -.00000353  00000-0  10000-3 0  7614
2 26089   1.3348 242.3669 0003963 216.0953 240.3240  1.00268406 41372
SUPERBIRD-B2            
1 26095U 00012A   11146.34545546 -.00000091  00000-0  10000-3 0   833
2 26095   0.0192 241.9160 0002758 199.0657  88.9390  1.00272002 41329
EXPRESS 2A              
1 26098U 00013A   11147.68270344 -.00000316  00000-0  10000-3 0  4335
2 26098   4.9364  66.5592 0009556  57.1647 109.7139  1.00274458 41041
ASIASTAR                
1 26107U 00016A   11146.85527719 -.00000329  00000-0  00000+0 0  9815
2 26107   0.0447  30.1813 0004369  28.3655 238.4430  1.00271833 40991
INSAT-3B                
1 26108U 00016B   11147.40833872 -.00000256  00000-0  10000-3 0  2196
2 26108   0.7866  77.3915 0003837 114.4861 168.1196  0.99660277 40950
SESAT 1                 
1 26243U 00019A   11147.85193044  .00000110  00000-0  10000-3 0  8585
2 26243   0.0771   0.0106 0002056 216.5696 351.1945  1.00274212 40684
GOES 11                 
1 26352U 00022A   11147.26321532  .00000094  00000-0  10000-3 0  3463
2 26352   0.3382  81.2216 0002390  18.6451 103.9944  1.00268296 40519
EUTELSAT W4             
1 26369U 00028A   11147.67855038  .00000161  00000-0  10000-3 0  8791
2 26369   0.0675 339.1751 0004033  83.2303 102.8385  1.00269966 40330
TDRS 8                  
1 26388U 00034A   11147.72840017 -.00000215  00000-0  10000-3 0  4085
2 26388   3.0635  84.2051 0003775 335.1016 176.9406  1.00277427 40048
COSMOS 2371             
1 26394U 00036A   11146.26710472 -.00000118  00000-0  10000-3 0  9541
2 26394   8.2798  57.7552 0005440 351.3474   8.5196  1.00263582 39885
ECHOSTAR 6              
1 26402U 00038A   11147.27493157 -.00000238  00000-0  00000+0 0   496
2 26402   0.0482  87.8619 0002922 328.6231 210.0268  1.00271704 39800
INTELSAT 9 (IS-9)       
1 26451U 00043A   11147.55125057 -.00000280  00000-0  10000-3 0  5495
2 26451   0.0170 272.0193 0002521 166.7875 306.3787  1.00269819 39701
BRASILSAT B4            
1 26469U 00046A   11146.45675418 -.00000209  00000-0  00000+0 0  8563
2 26469   0.0533 176.1704 0003950 256.5668 251.3652  1.00271412 39476
NILESAT 102             
1 26470U 00046B   11148.16885455 -.00000051  00000-0  10000-3 0  4914
2 26470   0.0154 333.4007 0004467  71.5573 254.1908  1.00272411 39492
RADUGA-1 5              
1 26477U 00049A   11147.62686356  .00000139  00000-0  10000-3 0  1275
2 26477   8.1506  58.3098 0003768 344.8512 110.9319  1.00270782 39342
EUROBIRD 4A             
1 26487U 00052A   11148.06301942  .00000033  00000-0  10000-3 0  6283
2 26487   0.0696 349.6891 0006808  73.3122 208.9414  1.00273058 39309
ASTRA 2B                
1 26494U 00054A   11147.00000000  .00000153  00000-0  00000+0 0  9109
2 26494   0.0640 297.1380 0002518 110.5300 224.7040  1.00273671 39180
AMC-7 (GE-7)            
1 26495U 00054B   11145.65701770  .00000095  00000-0  10000-3 0  7873
2 26495   0.0095 342.9091 0003114  78.5025 281.0008  1.00273971 39186
NSS-11 (AAP-1)          
1 26554U 00059A   11147.76445172 -.00000339  00000-0  10000-3 0  9378
2 26554   0.0127 353.8551 0003029  78.3439 196.1878  1.00272164 39052
N-SAT-110 (SUPERBIRD-D) 
1 26559U 00060A   11147.72751795 -.00000345  00000-0  10000-3 0  8514
2 26559   0.0189 249.3418 0000162 107.3558 260.2201  1.00273752 38984
AMC-6 (GE-6)            
1 26580U 00067A   11147.17633719 -.00000255  00000-0  10000-3 0  7901
2 26580   0.0186   3.1050 0002770  65.8255 166.9304  1.00271211 38830
INTELSAT 12 (IS-12)     
1 26590U 00068A   11147.97176492  .00000143  00000-0  00000+0 0  6135
2 26590   0.0240  40.2330 0006147 288.4701 311.3680  1.00274088 38766
BEIDOU 1A               
1 26599U 00069A   11147.01647324  .00000065  00000-0  10000-3 0  8216
2 26599   2.2663  73.6963 0001706   9.0526 225.9399  1.00264312 38797
INTELSAT 1R (IS-1R)     
1 26608U 00072A   11146.18595987 -.00000281  00000-0  10000-3 0  3288
2 26608   0.0396 118.7822 0000273 154.3742 347.1995  1.00271667 38592
ANIK F1                 
1 26624U 00076A   11145.36428374 -.00000076  00000-0  00000+0 0  6846
2 26624   0.0570 107.5889 0002919 291.7105 227.1217  1.00272025 38561
ASTRA 2D                
1 26638U 00081A   11147.00000000  .00000153  00000-0  00000+0 0  8894
2 26638   0.0630 241.4770 0002395 299.5830  91.3280  1.00272757 38292
AMC-8 (GE-8)            
1 26639U 00081B   11147.55168178  .00000109  00000-0  10000-3 0  7587
2 26639   0.0155  12.7466 0002620  44.0639 247.5505  1.00272695 38260
BEIDOU 1B               
1 26643U 00082A   11147.94720728 -.00000136  00000-0  10000-3 0  8864
2 26643   3.7245  69.2912 0006519 349.9829 247.3298  1.00274144 38254
TURKSAT 2A              
1 26666U 01002A   11146.96412580  .00000149  00000-0  10000-3 0  7498
2 26666   0.0256 278.6366 0003630 148.1417 206.5228  1.00275499 38000
SICRAL 1                
1 26694U 01005A   11147.28985094  .00000109  00000-0  00000+0 0  8271
2 26694   3.0724  70.8456 0005522   6.9017 287.2910  1.00273047 37768
SKYNET 4F               
1 26695U 01005B   11147.17849285 -.00000236  00000-0  10000-3 0  4757
2 26695   5.2803  54.4342 0002962 358.1796 221.9636  1.00276869 37736
EUROBIRD 1              
1 26719U 01011A   11147.89223801  .00000156  00000-0  10000-3 0  9373
2 26719   0.0677 359.4317 0004018  68.9090 166.4403  1.00270757 37445
BSAT-2A                 
1 26720U 01011B   11146.90661052 -.00000347  00000-0  10000-3 0  6044
2 26720   0.1745  64.3522 0004733 341.0803 274.8494  1.00273063 37419
XM-2 (ROCK)             
1 26724U 01012A   11146.46597646 -.00000021  00000-0  10000-3 0  9959
2 26724   0.0173 331.0405 0003488 350.3442 334.7923  1.00272157 37392
XM-1 (ROLL)             
1 26761U 01018A   11148.23154196 -.00000048  00000-0  00000+0 0  7853
2 26761   0.0692 210.1858 0000339 182.2763 191.6874  1.00024926 36885
INTELSAT 10 (IS-10)     
1 26766U 01019A   11146.90918512 -.00000021  00000-0  10000-3 0  7947
2 26766   0.0198 329.0249 0003485 112.1761 198.7017  1.00272502 36770
INTELSAT 901 (IS-901)   
1 26824U 01024A   11147.21723397 -.00000136  00000-0  10000-3 0  7316
2 26824   0.0076 283.1766 0003242 140.9655 240.4938  1.00273174 36522
ASTRA 2C                
1 26853U 01025A   11148.18172098  .00000127  00000-0  00000+0 0  8474
2 26853   0.0366  31.0448 0004086  36.8356 262.1165  1.00273839 36476
ARTEMIS                 
1 26863U 01029A   11146.98013128  .00000125  00000-0  10000-3 0  1109
2 26863   9.1048  59.4837 0005099  27.3544 171.5738  1.00274996 37250
GOES 12                 
1 26871U 01031A   11148.15927302 -.00000277  00000-0  10000-3 0  1154
2 26871   1.3799  77.3866 0004506  10.9278 155.0432  1.00270810 36125
COSMOS 2379             
1 26892U 01037A   11146.12988877 -.00000337  00000-0  10000-3 0  7201
2 26892   6.5075  60.9908 0003528   4.6206 355.2236  1.00248902 35718
INTELSAT 902 (IS-902)   
1 26900U 01039A   11147.62163595  .00000038  00000-0  00000+0 0  7416
2 26900   0.0122  18.3658 0003164  48.5069 103.7302  1.00272994 35706
ATLANTIC BIRD 2         
1 26927U 01042A   11148.06271450 -.00000059  00000-0  10000-3 0  5189
2 26927   0.0539 348.2748 0006387  66.6716 204.8280  1.00272417 35441
DIRECTV 4S              
1 26985U 01052A   11147.19000413 -.00000109  00000-0  00000+0 0  6638
2 26985   0.0105 270.7843 0001528 163.0057 137.8395  1.00270399 34843
INSAT-3C                
1 27298U 02002A   11147.62154360 -.00000072  00000-0  10000-3 0   358
2 27298   0.0437 107.4479 0008376 320.0044 115.1103  1.00271892 34226
ECHOSTAR 7              
1 27378U 02006A   11147.18846773  .00000003  00000-0  00000+0 0  7858
2 27378   0.0175 326.5925 0001798 124.9042 101.9396  1.00272511 33915
INTELSAT 904 (IS-904)   
1 27380U 02007A   11146.22629913  .00000049  00000-0  00000+0 0  7604
2 27380   0.0155 358.1337 0003038  64.7839 321.9994  1.00273322 33940
TDRS 9                  
1 27389U 02011A   11148.23762699 -.00000269  00000-0  00000+0 0  6884
2 27389   1.3926 173.4040 0021228 215.6302 239.8120  1.00267753 35302
JCSAT-2A                
1 27399U 02015A   11146.62587845 -.00000163  00000-0  10000-3 0  6000
2 27399   0.0055 231.6019 0002203 202.4700 189.0829  1.00271167 33600
ASTRA 3A                
1 27400U 02015B   11147.00000000  .00000141  00000-0  00000+0 0  3792
2 27400   0.0740 275.7470 0003154 355.9150 356.0300  1.00275639 33612
INTELSAT 903 (IS-903)   
1 27403U 02016A   11145.27337100 -.00000241  00000-0  10000-3 0  4997
2 27403   0.0087 289.5300 0003363 140.7496 236.1431  1.00272511 33584
NSS-7                   
1 27414U 02019A   11147.30163376 -.00000164  00000-0  10000-3 0  6985
2 27414   0.0057 343.2713 0002914 104.2548 243.5643  1.00271392 33430
DIRECTV 5 (TEMPO 1)     
1 27426U 02023A   11148.26125448 -.00000049  00000-0  10000-3 0  7261
2 27426   0.0198  52.1406 0003076  17.8774 159.3818  1.00273697 33195
INTELSAT 905 (IS-905)   
1 27438U 02027A   11147.13631420 -.00000180  00000-0  10000-3 0  3357
2 27438   0.0018 233.0022 0003350 194.7482 201.1722  1.00272067 32929
EXPRESS 4A              
1 27441U 02029A   11148.17178515 -.00000104  00000-0  10000-3 0  7562
2 27441   1.6716  75.5508 0005173 340.5494 237.1524  1.00271389 32837
GALAXY 3C (G-3C)        
1 27445U 02030A   11147.19912373 -.00000147  00000-0  10000-3 0  3728
2 27445   0.0437 110.9078 0000226 271.5491 198.5947  1.00272000 32801
ATLANTIC BIRD 3         
1 27460U 02035A   11148.06279073 -.00000036  00000-0  10000-3 0  4931
2 27460   0.0463   2.9068 0005324  58.7431 201.1965  1.00272307 32608
N-STAR C                
1 27461U 02035B   11145.64526328 -.00000308  00000-0  10000-3 0  2346
2 27461   0.0798 110.4857 0002995 311.7431 188.9381  1.00272572 32589
HOT BIRD 6              
1 27499U 02038A   11147.09111690  .00000091  00000-0  10000-3 0  8347
2 27499   0.0371 288.6739 0002805 123.8609 237.5626  1.00273956 32101
ECHOSTAR 8              
1 27501U 02039A   11147.27493157 -.00000237  00000-0  10000-3 0  8009
2 27501   0.0039 346.2100 0003071  78.1367 202.0671  1.00271609 32120
ATLANTIC BIRD 1         
1 27508U 02040A   11147.15933911 -.00000097  00000-0  10000-3 0  6048
2 27508   0.0726 359.1978 0004540  76.2754 213.7444  1.00271276 32102
METEOSAT-8 (MSG-1)      
1 27509U 02040B   11147.04099227  .00000065  00000-0  10000-3 0  7168
2 27509   0.5776  39.2398 0000592  16.1816 212.8136  1.00270336 32104
INTELSAT 906 (IS-906)   
1 27513U 02041A   11146.89966491  .00000017  00000-0  00000+0 0  5285
2 27513   0.0386  55.1175 0003279  24.2603 192.7575  1.00272586 31976
KODAMA (DRTS)           
1 27516U 02042B   11147.72867146 -.00000230  00000-0  10000-3 0  6058
2 27516   0.5332  79.3946 0002853 302.0387 216.5806  1.00271274 31955
KALPANA-1 (METSAT 1)    
1 27525U 02043A   11146.90682308 -.00000074  00000-0  10000-3 0  2617
2 27525   1.9835  74.5062 0003994 244.6548 325.3803  1.00272146 31901
HISPASAT 1D             
1 27528U 02044A   11147.82132615 -.00000210  00000-0  10000-3 0  3358
2 27528   0.0314 344.1712 0003709  44.7893 121.7249  1.00270833 31846
EUTELSAT W5             
1 27554U 02051A   11147.57950108 -.00000038  00000-0  10000-3 0  4643
2 27554   0.0373 336.8639 0002237  95.7232  91.3220  1.00270520 31231
TDRS 10                 
1 27566U 02055A   11145.24781137 -.00000265  00000-0  10000-3 0  4312
2 27566   0.7005  53.4403 0004443   1.7915 235.7114  1.00272080 31093
NSS-6                   
1 27603U 02057A   11147.90056807 -.00000263  00000-0  10000-3 0  3148
2 27603   0.0118 275.6652 0003134 157.6738 230.9606  1.00271209 30978
NIMIQ 2                 
1 27632U 02062A   11145.46574315 -.00000176  00000-0  10000-3 0  2113
2 27632   0.0244 246.9344 0004794 187.4024 244.8994  1.00270843 30800
INTELSAT 907 (IS-907)   
1 27683U 03007A   11147.12628698 -.00000198  00000-0  10000-3 0   659
2 27683   0.0072 332.0027 0002940  91.9773 198.3251  1.00272543 30337
INSAT-3A                
1 27714U 03013A   11147.68526089 -.00000252  00000-0  10000-3 0  6100
2 27714   0.0463 101.2686 0002563 297.6515 186.1596  1.00271498 29819
GALAXY 12 (G-12)        
1 27715U 03013B   11147.31130315  .00000083  00000-0  00000+0 0  4300
2 27715   0.0092 339.2862 0002455  93.5853 150.7098  1.00272846 29851
ASIASAT 4               
1 27718U 03014A   11147.73814434 -.00000354  00000-0  10000-3 0  7514
2 27718   0.0414 122.0194 0000938 311.2693 199.5225  1.00272864 29790
COSMOS 2397             
1 27775U 03015A   11145.60013154 -.00000223  00000-0  10000-3 0  3265
2 27775   5.0720  64.1446 0042596 224.8256 134.6564  1.00461431 29666
GSAT-2                  
1 27807U 03018A   11147.99024301  .00000005  00000-0  10000-3 0  3643
2 27807   0.4661  77.8981 0004538 232.7554 301.3971  0.99855427 29533
HELLAS-SAT 2            
1 27811U 03020A   11146.86003192  .00000155  00000-0  10000-3 0  2769
2 27811   0.0277 263.5484 0004196 164.5844 164.5855  1.00277844 29335
BEIDOU 1C               
1 27813U 03021A   11146.90660090 -.00000349  00000-0  10000-3 0  3041
2 27813   0.6545  89.1572 0014336 357.8165 234.1117  1.00271097 29352
AMC-9 (GE-12)           
1 27820U 03024A   11146.44231097 -.00000214  00000-0  10000-3 0  3177
2 27820   0.0172 281.1739 0003230 154.3875 244.3203  1.00271923 29209
THURAYA-2               
1 27825U 03026A   11145.60029972  .00000131  00000-0  10000-3 0  9957
2 27825   2.9310   4.3467 0005082  56.4435  82.1822  1.00274491 29199
BSAT-2C                 
1 27830U 03028A   11147.72775662 -.00000345  00000-0  10000-3 0  2786
2 27830   0.0371 250.9828 0000482 121.5095 244.3596  1.00272561 29181
OPTUS C1                
1 27831U 03028B   11147.70220804 -.00000141  00000-0  10000-3 0  3963
2 27831   0.0475 110.2850 0003403 332.1489 211.2773  1.00273189 29179
ECHOSTAR 12 (RAINBOW 1) 
1 27852U 03033A   11147.44729392 -.00000277  00000-0  10000-3 0  3262
2 27852   0.0103 320.4497 0001219 130.0736 253.7909  1.00272992 28830
GALAXY 23 (G-23)        
1 27854U 03034A   11147.13763188  .00000017  00000-0  00000+0 0  3235
2 27854   0.0026 299.5252 0003273 128.6113 104.7586  1.00272985 28619
EUROBIRD 3              
1 27948U 03043A   11146.71624007  .00000158  00000-0  10000-3 0  4500
2 27948   0.0571  17.6620 0000852  84.1637  73.0976  1.00275462 28178
INSAT-3E                
1 27951U 03043E   11146.86918873  .00000087  00000-0  10000-3 0  6779
2 27951   0.0153 258.2118 0004507 174.1790 179.6383  1.00274288 28073
GALAXY 13 (HORIZONS-1)  
1 27954U 03044A   11146.42934282  .00000049  00000-0  10000-3 0  1916
2 27954   0.0044 345.4177 0002817  94.0051 191.7763  1.00272810 28088
ZHONGXING-20            
1 28082U 03052A   11147.90507779 -.00000287  00000-0  10000-3 0  3376
2 28082   0.0936 269.6411 0002173 166.4579 233.0268  1.00277358 27635
YAMAL 202               
1 28089U 03053A   11147.08673146  .00000124  00000-0  10000-3 0  2317
2 28089   0.0470 273.5704 0002879 150.1890 260.7126  1.00270215 27548
YAMAL 201               
1 28094U 03053B   11147.85512045 -.00000223  00000-0  10000-3 0  6582
2 28094   0.0464 267.5517 0003051 157.6655 217.7081  1.00272799 29729
AMOS 2                  
1 28132U 03059A   11148.06282123 -.00000028  00000-0  00000+0 0   375
2 28132   0.0268 264.9444 0003490 174.7002 184.2217  1.00272672 27241
EXPRESS-AM 22           
1 28134U 03060A   11147.74568648  .00000103  00000-0  10000-3 0  3429
2 28134   0.0160 255.4903 0001620 229.5691  81.3447  1.00273288 27162
ESTRELA DO SUL          
1 28137U 04001A   11147.45561199 -.00000275  00000-0  10000-3 0   664
2 28137   0.0522  87.5432 0005514 354.8490 263.2948  1.00272436 27232
AMC-10 (GE-10)          
1 28154U 04003A   11147.30538907  .00000093  00000-0  10000-3 0  3727
2 28154   0.0127 288.2668 0002812 139.1838 151.9871  1.00270632 26784
MBSAT                   
1 28184U 04007A   11146.75176764 -.00000248  00000-0  10000-3 0  1935
2 28184   0.0045 283.1320 0001829 139.4549 236.0663  1.00271262 26463
EUTELSAT W3A            
1 28187U 04008A   11147.30394458  .00000052  00000-0  10000-3 0  1586
2 28187   0.0670 353.2160 0004851  82.4056 285.2998  1.00273328 26438
RADUGA-1 7              
1 28194U 04010A   11147.56953903 -.00000351  00000-0  10000-3 0  4093
2 28194   5.5387  72.7868 0004330   3.4897 128.0994  1.00207740 26252
DIRECTV 7S              
1 28238U 04016A   11146.13599230  .00000002  00000-0  00000-0 0  2905
2 28238   0.0133  30.0821 0002868  36.4066 106.7600  1.00272383 25929
AMC-11 (GE-11)          
1 28252U 04017A   11147.22854101  .00000073  00000-0  10000-3 0   791
2 28252   0.0259  12.1723 0002895  43.6473 139.8858  1.00273788 25728
INTELSAT 10-02          
1 28358U 04022A   11148.06289745 -.00000004  00000-0  10000-3 0   888
2 28358   0.0520 108.7964 0000679 336.8618 181.2720  1.00272761 25483
APSTAR 5 (TELSTAR 18)   
1 28364U 04024A   11146.62542870 -.00000293  00000-0  10000-3 0   765
2 28364   0.0190  23.5617 0002607  37.0389 186.3590  1.00268953 25456
ANIK F2                 
1 28378U 04027A   11145.36669167 -.00000052  00000-0  00000+0 0   210
2 28378   0.0347  18.8421 0002479  29.7650 214.8952  1.00272931 25181
AMAZONAS                
1 28393U 04031A   11145.27546468 -.00000285  00000-0  10000-3 0  8761
2 28393   0.0575  56.2330 0005406 358.9462 225.5237  1.00273401 24959
GSAT-3 (EDUSAT)         
1 28417U 04036A   11145.51338882 -.00000164  00000-0  10000-3 0  2602
2 28417   0.6196  79.3228 0003917 319.4618 321.2459  0.99266039 24500
AMC-15                  
1 28446U 04041A   11148.23154138 -.00000082  00000-0  10000-3 0  2735
2 28446   0.0301  41.1999 0002404   9.4395 173.0867  1.00272339 24266
FENGYUN 2C              
1 28451U 04042A   11146.91184965 -.00000354  00000-0  10000-3 0  1489
2 28451   3.1061  70.2169 0001392 229.9358  35.4079  1.00284493 24152
EXPRESS-AM 1            
1 28463U 04043A   11148.06387319  .00000157  00000-0  10000-3 0   422
2 28463   0.9424  76.5429 0003466  17.4762 214.2432  1.00274529 24074
AMC-16                  
1 28472U 04048A   11148.13277039 -.00000199  00000-0  00000+0 0  2561
2 28472   0.0003 305.6283 0002425 112.1544 150.3476  1.00271012 23674
NSS-10 (AMC-12)         
1 28526U 05003A   11147.19936250 -.00000246  00000-0  10000-3 0  7782
2 28526   0.0085 352.6316 0003267  80.7680 205.3630  1.00271242 23161
XTAR-EUR                
1 28542U 05005A   11147.89223689  .00000158  00000-0  10000-3 0  8180
2 28542   0.0055 270.0936 0001244 137.0085 188.2144  1.00272593 23030
HIMAWARI-6 (MTSAT-1R)   
1 28622U 05006A   11147.83032958 -.00000274  00000-0  10000-3 0  4929
2 28622   0.0454  88.6074 0001080 140.0624  95.3438  1.00271481 22868
XM-3 (RHYTHM)           
1 28626U 05008A   11144.22290306 -.00000212  00000-0  10000-3 0  9633
2 28626   0.0454 109.2568 0000579 247.7094 239.6503  1.00270952 22888
INMARSAT 4-F1           
1 28628U 05009A   11146.62558116 -.00000261  00000-0  10000-3 0  8675
2 28628   2.4371 337.6530 0003085  90.5190 184.3734  1.00271175 22527
EXPRESS-AM 2            
1 28629U 05010A   11147.84149321 -.00000130  00000-0  10000-3 0  7110
2 28629   0.0672 105.6962 0000913  72.5001  89.7720  1.00271769 22562
APSTAR 6                
1 28638U 05012A   11147.85243294 -.00000312  00000-0  10000-3 0    88
2 28638   0.0474  87.1999 0002393   3.4074 235.3203  1.00272406 47272
SPACEWAY 1              
1 28644U 05015A   11146.44465396 -.00000101  00000-0  00000+0 0  1263
2 28644   0.0409 120.9604 0000929 236.8306 303.0428  1.00272660 22355
DIRECTV 8               
1 28659U 05019A   11147.19000694 -.00000111  00000-0  00000+0 0  1971
2 28659   0.0162 355.7008 0002860  70.3717 145.8555  1.00271292 22034
GALAXY 28 (G-28)        
1 28702U 05022A   11147.20074112 -.00000181  00000-0  10000-3 0   535
2 28702   0.0370  46.4554 0000384  62.3618 118.8782  1.00271091 21740
EXPRESS-AM 3            
1 28707U 05023A   11147.83032958 -.00000273  00000-0  10000-3 0  4550
2 28707   0.0873 137.3733 0002999 287.3502 259.3101  1.00273401 21717
THAICOM 4               
1 28786U 05028A   11146.87852111 -.00000359  00000-0  10000-3 0  8443
2 28786   0.0118 308.0109 0002591 121.8373 250.0247  1.00271686 21246
GALAXY 14 (G-14)        
1 28790U 05030A   11147.69524155  .00000042  00000-0  10000-3 0  1133
2 28790   0.0248  24.7596 0002615  51.4713 293.9566  1.00273991 21173
ANIK F1R                
1 28868U 05036A   11145.36428374 -.00000077  00000-0  00000+0 0  8741
2 28868   0.0412  54.1158 0002036  15.7484 196.5866  1.00271976 20988
GALAXY 15 (G-15)        
1 28884U 05041A   11148.13526990  .00000086  00000-0  00000+0 0  1377
2 28884   0.0275  24.6616 0000698  88.3113  47.9743  1.00273627 20608
SYRACUSE 3A             
1 28885U 05041B   11146.07157032  .00000129  00000-0  10000-3 0  9715
2 28885   0.0092   5.3032 0003914  62.8148 247.9547  1.00275463 20674
INMARSAT 4-F2           
1 28899U 05044A   11148.06353016  .00000141  00000-0  10000-3 0  7233
2 28899   2.2034 331.4088 0002806 103.7282 218.0681  1.00273077 20370
TELKOM 2                
1 28902U 05046A   11146.87867319 -.00000360  00000-0  10000-3 0  9734
2 28902   0.0358 128.2459 0001684 297.7418 252.3888  1.00268060 20255
SPACEWAY 2              
1 28903U 05046B   11147.25742748 -.00000122  00000-0  10000-3 0  9912
2 28903   0.0396 127.9997 0000106 220.1284 249.8783  1.00272151 20341
INSAT-4A                
1 28911U 05049A   11148.02451697 -.00000159  00000-0  10000-3 0  6108
2 28911   0.0748  86.9313 0001639 247.7274   2.4091  1.00271847 19943
METEOSAT-9 (MSG-2)      
1 28912U 05049B   11148.01897550  .00000002  00000-0  10000-3 0  8962
2 28912   0.3914  37.4982 0000958 126.3110  88.0231  1.00277277 19960
AMC-23                  
1 28924U 05052A   11147.63935422 -.00000000  00000-0  10000-3 0  9619
2 28924   0.0050  71.3814 0003169 352.4710 223.1588  1.00273172 19830
ECHOSTAR 10             
1 28935U 06003A   11148.26125451 -.00000049  00000-0  10000-3 0  1526
2 28935   0.0443  35.6683 0001382  36.6358 157.0026  1.00272837 19377
MTSAT-2                 
1 28937U 06004A   11146.75418472 -.00000240  00000-0  10000-3 0  9520
2 28937   0.0757 100.3141 0003003 304.8938 255.2919  1.00272868 19334
SPAINSAT                
1 28945U 06007A   11146.16847980 -.00000215  00000-0  10000-3 0  6188
2 28945   0.0091 259.1916 0001654 167.7389 207.1047  1.00270951 19095
EUROBIRD 9A             
1 28946U 06007B   11148.06314139  .00000068  00000-0  10000-3 0  6696
2 28946   0.0550  74.2895 0002941 347.2134 215.4934  1.00270892 19160
JCSAT-5A                
1 29045U 06010A   11147.73195306 -.00000322  00000-0  10000-3 0  7636
2 29045   0.0105 295.1370 0002339 156.8487 188.4982  1.00273056 18802
ASTRA 1KR               
1 29055U 06012A   11147.00000000  .00000124  00000-0  00000+0 0  4412
2 29055   0.1020 262.0170 0001119 224.9490 136.4490  1.00276515 18717
GOES 13                 
1 29155U 06018A   11147.45938163 -.00000246  00000-0  10000-3 0  6129
2 29155   0.1745 265.7007 0006678 162.9099 266.7530  1.00274134 18360
SATMEX 6                
1 29162U 06020A   11147.43911880 -.00000033  00000-0  10000-3 0  7344
2 29162   0.0185 160.4870 0002507 256.3776 232.8610  1.00273138 18323
THAICOM 5               
1 29163U 06020B   11147.78868605 -.00000115  00000-0  10000-3 0  9993
2 29163   0.0303 278.3034 0005361 184.1010 145.0181  1.00271900 18397
GALAXY 16 (G-16)        
1 29236U 06023A   11145.46634311 -.00000130  00000-0  10000-3 0  9622
2 29236   0.0051  17.2674 0003558  67.3097 227.0151  1.00277350 18091
HOT BIRD 8              
1 29270U 06032A   11148.06324049  .00000094  00000-0  10000-3 0  6011
2 29270   0.0714 349.2013 0005133  60.0802 231.7366  1.00274172 17723
JCSAT-3A                
1 29272U 06033A   11146.87946265 -.00000342  00000-0  10000-3 0  8144
2 29272   0.0106 322.0652 0002243 111.9214 254.7230  1.00271763 17605
SYRACUSE 3B             
1 29273U 06033B   11148.06279073 -.00000037  00000-0  10000-3 0  7357
2 29273   0.0372  77.4955 0004725 350.9326 194.2231  1.00272310 17602
KOREASAT 5 (MUGUNGWHA 5)
1 29349U 06034A   11147.47959652 -.00000353  00000-0  10000-3 0  8570
2 29349   0.0418  80.3607 0001488   6.0945  83.9348  1.00270363 17499
ZHONGXING-22A           
1 29398U 06038A   11147.25508045 -.00000319  00000-0  10000-3 0  4219
2 29398   1.3684  75.7075 0005544 359.8844   3.9682  1.00275889 17292
DIRECTV 9S              
1 29494U 06043A   11145.45345645 -.00000116  00000-0  00000+0 0  8761
2 29494   0.0495  31.7527 0002649  10.8078 262.2637  1.00271335 16937
OPTUS D1                
1 29495U 06043B   11146.59751185 -.00000108  00000-0  10000-3 0  7606
2 29495   0.0318  89.2142 0003809 332.0553 197.6426  1.00273201 16985
XM-4 (BLUES)            
1 29520U 06049A   11145.46756682 -.00000025  00000-0  10000-3 0  7117
2 29520   0.0061  12.9023 0000287 131.8729 150.9746  1.00272465 16839
BADR-4                  
1 29526U 06051A   11147.21422036  .00000149  00000-0  10000-3 0  7301
2 29526   0.0681  27.5069 0005694  27.1772 292.8363  1.00272847 16731
FENGYUN 2D              
1 29640U 06053A   11147.90932127 -.00000191  00000-0  10000-3 0  1899
2 29640   1.4775  80.9761 0002314   2.9562 215.1505  1.00267685 16418
WILDBLUE-1              
1 29643U 06054A   11145.36669167 -.00000052  00000-0  00000+0 0  6708
2 29643   0.0027 215.3183 0002184 230.1561 178.0241  1.00272749 16373
AMC-18                  
1 29644U 06054B   11148.23154168 -.00000083  00000-0  10000-3 0  8710
2 29644   0.0258  11.4938 0002937  45.8071 166.5403  1.00272388 16412
MEASAT-3                
1 29648U 06056A   11147.91334160 -.00000235  00000-0  10000-3 0  7439
2 29648   0.0366  83.3186 0003038  15.4117 206.6803  1.00271102 16420
KIKU-8 (ETS-VIII)       
1 29656U 06059A   11147.65753300 -.00000231  00000-0  10000-3 0  7350
2 29656   1.0961  76.9963 0006568 357.5108 192.8268  1.00271840 16311
BEIDOU 1D               
1 30323U 07003A   11146.71263963 -.00000259  00000-0  10000-3 0   218
2 30323   2.5339 267.6523 0056230 329.5414  30.3302  0.99151692 16167
INSAT-4B                
1 30793U 07007A   11147.68526227 -.00000252  00000-0  10000-3 0  3020
2 30793   0.0045 287.2931 0006621 145.5736 152.2105  1.00272208 15432
SKYNET 5A               
1 30794U 07007B   11146.07060221  .00000041  00000-0  99999-4 0  6977
2 30794   0.0652 341.5470 0003503  88.9645 204.2147  1.00273166 15588
ANIK F3                 
1 31102U 07009A   11146.42553654  .00000000  00000-0  00000+0 0  7133
2 31102   0.0219  45.4459 0002838  17.9200 214.7622  1.00273717 15178
ASTRA 1L                
1 31306U 07016A   11148.18172098  .00000127  00000-0  00000+0 0  4116
2 31306   0.0807 275.8849 0001637 101.2439 312.8783  1.00275821 14935
GALAXY 17 (G-17)        
1 31307U 07016B   11146.44666149 -.00000173  00000-0  10000-3 0  6871
2 31307   0.0205 351.9466 0003067  72.4047 249.1079  1.00272051 14912
NIGCOMSAT 1             
1 31395U 07018A   11147.39965325  .00000142  00000-0  10000-3 0  7554
2 31395   2.3229  73.0330 0007216 339.7796  19.7749  1.00301141 14921
CHINASAT 5C (ZX 5C)     
1 31577U 07021A   11148.19252954  .00000015  00000-0  10000-3 0  1627
2 31577   0.0281 247.4584 0000458 201.8429 226.9584  1.00268590 14634
ZHONGXING-6B            
1 31800U 07031A   11147.78397038 -.00000356  00000-0  10000-3 0   947
2 31800   0.0339  65.0119 0003737 357.4276 220.3365  1.00272012 14321
DIRECTV 10              
1 31862U 07032A   11147.47400532 -.00000098  00000-0  00000+0 0  7110
2 31862   0.0367 128.6842 0000458 306.5864 237.2486  1.00273304 14252
SPACEWAY 3              
1 32018U 07036A   11147.32380531 -.00000147  00000-0  10000-3 0  6296
2 32018   0.0283 135.0469 0000202 348.0520 143.0329  1.00271880 13972
BSAT-3A                 
1 32019U 07036B   11147.72751683 -.00000345  00000-0  10000-3 0  5368
2 32019   0.0427 138.8883 0003518 310.7232 167.1612  1.00272513 13913
INSAT-4CR               
1 32050U 07037A   11146.66630455 -.00000074  00000-0  10000-3 0  2916
2 32050   0.0203 256.9731 0003243 126.2457 174.4611  1.00271503 13691
OPTUS D2                
1 32252U 07044A   11146.66890509 -.00000181  00000-0  10000-3 0  7280
2 32252   0.0748  97.2556 0003809 320.3216 219.1052  1.00270942 13375
INTELSAT 11 (IS-11)     
1 32253U 07044B   11147.07052255 -.00000265  00000-0  10000-3 0  5398
2 32253   0.0035 225.7085 0003091 196.9220 164.0236  1.00270699 13376
STAR ONE C1             
1 32293U 07056A   11148.15126042 -.00000270  00000-0  10000-3 0  5465
2 32293   0.0064   7.2715 0002489  75.7032 151.8152  1.00274903 13014
SKYNET 5B               
1 32294U 07056B   11146.96698589  .00000101  00000-0  10000-3 0  6770
2 32294   0.0662 352.1939 0004313  73.6080 219.3200  1.00276982 13087
SIRIUS 4                
1 32299U 07057A   11146.97704459  .00000036  00000-0  10000-3 0  5676
2 32299   0.0123  12.8359 0002946  49.5425 178.3431  1.00273023 12931
RADUGA-1M 1             
1 32373U 07058A   11148.05805973 -.00000032  00000-0  10000-3 0    69
2 32373   0.0136 244.4774 0004051 195.2128 256.4671  1.00272414 13589
HORIZONS-2              
1 32388U 07063B   11146.46967491 -.00000251  00000-0  10000-3 0  5673
2 32388   0.0052   5.2847 0002218  57.9113 275.5073  1.00269970 12712
THURAYA-3               
1 32404U 08001A   11145.62932471 -.00000312  00000-0  10000-3 0  6222
2 32404   5.0770 335.9010 0005007  80.4678 151.6703  1.00270293 12369
EXPRESS-AM 33           
1 32478U 08003A   11147.90562586 -.00000275  00000-0  10000-3 0  9405
2 32478   0.0027 271.1793 0001564 216.4380 180.0108  1.00272329 12495
THOR 5                  
1 32487U 08006A   11148.01897550 -.00000002  00000-0  10000-3 0  5654
2 32487   0.0183 238.5377 0002688 177.5693 195.2140  1.00274273 12040
KIZUNA (WINDS)          
1 32500U 08007A   11147.54046781 -.00000253  00000-0  10000-3 0  4859
2 32500   0.0438 277.0292 0002695 144.2482 161.0233  1.00270713 11978
AMC-14                  
1 32708U 08011A   11147.08891031  .00000179  00000-0  10000-3 0  7757
2 32708  14.7104 102.3772 0053093 355.4137 212.9445  1.00271535 13015
DIRECTV 11              
1 32729U 08013A   11145.46634311 -.00000128  00000-0  10000-3 0  6404
2 32729   0.0350 125.8061 0000028  99.3626  86.1895  1.00272653 11769
ICO G1                  
1 32763U 08016A   11146.41849672 -.00000178  00000-0  00000+0 0  6218
2 32763   4.8954 334.3207 0003524  95.2332 231.8943  1.00272283 11437
VINASAT-1               
1 32767U 08018A   11147.73195265 -.00000323  00000-0  10000-3 0  5522
2 32767   0.0155 336.9818 0001355 109.8497 193.5442  1.00270238 11461
STAR ONE C2             
1 32768U 08018B   11147.48498185 -.00000260  00000-0  10000-3 0  5106
2 32768   0.0658  85.7994 0002538 352.9609 270.5473  1.00272696 11497
TIANLIAN I (CTDRS-1)    
1 32779U 08019A   11147.71892683 -.00000102  00000-0  10000-3 0  9307
2 32779   0.1241 268.5606 0009875 227.7739  84.4159  1.00275790 11326
AMOS 3                  
1 32794U 08022A   11148.06282123 -.00000027  00000-0  00000+0 0  3797
2 32794   0.0453 101.8119 0001660 287.3012 234.7815  1.00272894 11304
GALAXY 18 (G-18)        
1 32951U 08024A   11146.45006760  .00000026  00000-0  10000-3 0  4611
2 32951   0.0198 213.3723 0003451 211.2866 218.0354  1.00274240 11050
CHINASAT 9              
1 33051U 08028A   11147.00999975 -.00000244  00000-0  10000-3 0  8884
2 33051   0.0273  35.7784 0006595  22.9311 281.2911  1.00270130 10877
SKYNET 5C               
1 33055U 08030A   11146.88861293 -.00000136  00000-0  10000-3 0  4197
2 33055   0.0725 359.9818 0003577  80.9344 105.2937  1.00272602 10878
TURKSAT 3A              
1 33056U 08030B   11147.15817850  .00000150  00000-0  10000-3 0  4419
2 33056   0.0188  43.9318 0005389  27.6514 271.6984  1.00272631 10925
COSMOS 2440             
1 33108U 08033A   11146.96448164 -.00000048  00000-0  10000-3 0  8169
2 33108   0.6147  17.7113 0006512  21.8283 262.7657  1.00279320 10654
INTELSAT 25 (IS-25)     
1 33153U 08034A   11148.06211229 -.00000217  00000-0  10000-3 0  5281
2 33153   0.0191 358.1508 0002653  66.9070 171.0550  1.00271753 10604
BADR-6                  
1 33154U 08034B   11146.07108245  .00000145  00000-0  10000-3 0  4361
2 33154   0.0502 313.6926 0003377  74.2878 266.9341  1.00276250 10602
ECHOSTAR 11             
1 33207U 08035A   11147.18172584 -.00000053  00000-0  10000-3 0  6148
2 33207   0.0197 352.7145 0002936  73.9119 133.1923  1.00273033 10508
SUPERBIRD-C2            
1 33274U 08038A   11147.48867747 -.00000246  00000-0  10000-3 0  6144
2 33274   0.0165   1.8912 0001228  56.6548 146.0278  1.00271548 10233
AMC-21                  
1 33275U 08038B   11147.70226961  .00000041  00000-0  10000-3 0  5395
2 33275   0.0116 346.0740 0002494  78.6312 308.1089  1.00272993 10339
INMARSAT 4-F3           
1 33278U 08039A   11145.38941369 -.00000148  00000-0  10000-3 0  2113
2 33278   3.0079 339.3736 0003042  89.3559 216.4630  1.00272857 10168
NIMIQ 4                 
1 33373U 08044A   11147.15306530 -.00000216  00000-0  00000+0 0  3973
2 33373   0.0069 303.4999 0002729 109.1811 164.7824  1.00271074  9861
GALAXY 19 (G-19)        
1 33376U 08045A   11145.59107360 -.00000140  00000-0  10000-3 0  5000
2 33376   0.0084  11.2985 0003453  51.0767 296.1349  1.00270695  9792
VENESAT-1               
1 33414U 08055A   11148.14752656 -.00000231  00000-0  10000-3 0  7038
2 33414   0.0003 181.7550 0000843 230.7503 167.9559  1.00272119  9523
ASTRA 1M                
1 33436U 08057A   11147.00000000  .00000123  00000-0  00000+0 0  2441
2 33436   0.0180 181.5200 0003212 293.6040 148.2790  1.00273314  9381
CIEL-2                  
1 33453U 08063A   11147.31956719  .00000062  00000-0  10000-3 0  4335
2 33453   0.0057 222.0714 0003010 200.9096 167.7419  1.00273557  9026
HOT BIRD 9              
1 33459U 08065A   11147.14949459  .00000091  00000-0  10000-3 0  3619
2 33459   0.0307 358.0290 0005662  80.3645 232.7692  1.00273891  9098
EUTELSAT W2M            
1 33460U 08065B   11147.75446801  .00000109  00000-0  10000-3 0  3453
2 33460   0.0488 102.5391 0006085 322.1707 107.6396  1.00274370  8969
FENGYUN 2E              
1 33463U 08066A   11146.85526780 -.00000328  00000-0  10000-3 0  6752
2 33463   0.7719 311.5109 0001580 217.8693 127.0732  1.00272268  8946
EXPRESS-AM 44           
1 33595U 09007A   11146.69958957 -.00000086  00000-0  10000-3 0  6336
2 33595   0.0569  58.3344 0002034  39.9981  26.4242  1.00271656  8413
EXPRESS-MD1             
1 33596U 09007B   11147.01352554 -.00000134  00000-0  10000-3 0  6698
2 33596   0.0082  33.2324 0003142  26.5614 269.3948  1.00272098  8445
NSS-9                   
1 33749U 09008A   11145.55717538  .00000070  00000-0  10000-3 0  4330
2 33749   0.0421  51.4840 0001781  23.8084 191.0445  1.00273454  8399
ATLANTIC BIRD 4A        
1 33750U 09008B   11148.16885455 -.00000053  00000-0  10000-3 0  4989
2 33750   0.0691 353.1052 0006347 119.5581 186.1776  1.00272399  8451
TELSTAR 11N             
1 34111U 09009A   11147.19936250 -.00000247  00000-0  10000-3 0  3753
2 34111   0.0129 290.9034 0002784 124.9412 222.7703  1.00271859  8267
RADUGA-1 8              
1 34264U 09010A   11147.82603404  .00000089  00000-0  10000-3 0  6471
2 34264   1.2216 123.4679 0003466 306.3350 124.6694  1.00265127  8200
EUTELSAT W2A            
1 34710U 09016A   11148.06316426  .00000075  00000-0  10000-3 0  3512
2 34710   0.0652 336.4338 0004851  88.0303 213.5320  1.00270818  7921
BEIDOU G2               
1 34779U 09018A   11147.84684373 -.00000351  00000-0  10000-3 0  5603
2 34779   0.8976  72.3445 0045384 156.5838  84.7734  1.00258639  7944
SICRAL 1B               
1 34810U 09020A   11147.90164897  .00000086  00000-0  10000-3 0  3649
2 34810   0.1118  80.8630 0002104 335.1243 165.4594  1.00271568  7788
SES-7 (PROTOSTAR 2)     
1 34941U 09027A   11147.76417354 -.00000339  00000-0  10000-3 0  3837
2 34941   0.0924  79.2658 0000926 245.1124 303.8343  1.00270122  7489
MEASAT-3A               
1 35362U 09032A   11147.91334176 -.00000236  00000-0  10000-3 0  2956
2 35362   0.0261 352.2342 0001947  75.4771 237.7095  1.00271276  7098
GOES 14                 
1 35491U 09033A   11148.23154291 -.00000083  00000-0  10000-3 0  9962
2 35491   0.1055  88.7340 0006319 322.5771 172.6851  1.00270563  7046
SIRIUS FM-5             
1 35493U 09034A   11145.28637523 -.00000148  00000-0  00000+0 0  3041
2 35493   0.0063  31.5264 0001362 151.7880  66.3106  1.00272025  6993
TERRESTAR-1             
1 35496U 09035A   11147.24917779 -.00000061  00000-0  10000-3 0  4081
2 35496   5.0380 321.4547 0003133  95.3116 166.3976  1.00272856  7024
ASIASAT 5               
1 35696U 09042A   11146.88495610 -.00000305  00000-0  10000-3 0  5302
2 35696   0.0198   2.4732 0001937  70.6455 230.0714  1.00274855  6559
JCSAT-RA (JCSAT-12)     
1 35755U 09044A   11147.86462277 -.00000339  00000-0  10000-3 0  3172
2 35755   0.0622  63.5646 0001862 344.8948 275.7981  1.00270500  6510
OPTUS D3                
1 35756U 09044B   11148.21881843 -.00000140  00000-0  10000-3 0  2570
2 35756   0.0655  32.7938 0004540  17.2379  70.1728  1.00271862  6501
PALAPA D                
1 35812U 09046A   11147.90330454 -.00000352  00000-0  10000-3 0  3540
2 35812   0.0418  84.9932 0002481  23.9615 214.2864  1.00270801  6530
NIMIQ 5                 
1 35873U 09050A   11147.26467612 -.00000253  00000-0  10000-3 0  3122
2 35873   0.0476  90.5452 0002667 327.4520 209.0576  1.00271142  6210
AMAZONAS 2              
1 35942U 09054A   11145.27546468 -.00000285  00000-0  10000-3 0  2729
2 35942   0.0497 116.7683 0004531 327.6099 196.2916  1.00270629  6047
COMSATBW-1              
1 35943U 09054B   11147.92041270  .00000031  00000-0  10000-3 0  3230
2 35943   0.0875  82.9450 0002430 353.8275 202.6713  1.00272035  6115
NSS-12                  
1 36032U 09058A   11145.75403472  .00000070  00000-0  10000-3 0  3007
2 36032   0.0259  34.7896 0002772  33.3799 143.2637  1.00273384  5785
THOR 6                  
1 36033U 09058B   11148.06289745 -.00000003  00000-0  10000-3 0  3186
2 36033   0.0339 121.1156 0002205 316.3772 189.5588  1.00272744  5823
INTELSAT 14 (IS-14)     
1 36097U 09064A   11148.06176163 -.00000267  00000-0  00000+0 0  2436
2 36097   0.0809  45.0594 0003444 347.8703 189.5681  1.00270509  5566
EUTELSAT W7             
1 36101U 09065A   11146.68370009  .00000157  00000-0  10000-3 0  3280
2 36101   0.0654 351.1375 0004400  76.6252  98.2059  1.00276149  5658
INTELSAT 15 (IS-15)     
1 36106U 09067A   11146.93064306 -.00000182  00000-0  10000-3 0  3251
2 36106   0.0206  23.4614 0002767  39.3051 241.5474  1.00270933  5444
DIRECTV 12              
1 36131U 09075A   11148.12269567 -.00000097  00000-0  00000+0 0  4405
2 36131   0.0113  51.4150 0000167 338.9136 156.4053  1.00272413  5249
BEIDOU G1               
1 36287U 10001A   11146.82477940 -.00000249  00000-0  10000-3 0  4076
2 36287   1.4578 349.2527 0003070  68.7034 267.5714  1.00270946  5043
RADUGA-1M 2             
1 36358U 10002A   11147.75183321 -.00000178  00000-0  10000-3 0  4235
2 36358   0.0102 298.5883 0001737 152.8653 149.1494  1.00273121  4868
SDO                     
1 36395U 10005A   11148.13577884 -.00000010  00000-0  00000+0 0  2815
2 36395  27.8970 181.1696 0002720 302.7618  68.4487  1.00273096  4921
INTELSAT 16 (IS-16)     
1 36397U 10006A   11147.55529008 -.00000280  00000-0  10000-3 0  2227
2 36397   0.0019 353.7903 0002555  84.3711 308.3946  1.00271324  4705
GOES 15                 
1 36411U 10008A   11148.12776833 -.00000174  00000-0  10000-3 0  6079
2 36411   0.2187  93.8915 0003035  11.3764  96.5001  1.00262083  4549
ECHOSTAR 14             
1 36499U 10010A   11147.18846752  .00000004  00000-0  00000+0 0  3366
2 36499   0.0049 308.7726 0002877 117.0809 127.4941  1.00273426  4387
SES-1                   
1 36516U 10016A   11147.36235625 -.00000110  00000-0  00000+0 0  2394
2 36516   0.0226  24.1832 0002605  39.4502 210.3824  1.00271958  3982
ASTRA 3B                
1 36581U 10021A   11147.00000000  .00000141  00000-0  00000+0 0  1448
2 36581   0.0200  49.1740 0004126  34.4310 184.1210  1.00275717  3820
COMSATBW-2              
1 36582U 10021B   11146.19874208  .00000090  00000-0  10000-3 0  1883
2 36582   0.0777  84.1195 0002950   3.9970 240.0930  1.00275768  3826
BEIDOU G3               
1 36590U 10024A   11147.56260513 -.00000173  00000-0  00000+0 0  2569
2 36590   1.3144 324.0275 0003414 132.3099  74.9782  1.00270040  3633
BADR-5                  
1 36592U 10025A   11147.79926200  .00000151  00000-0  10000-3 0  1298
2 36592   0.0028 238.4973 0003000 222.8778  97.3322  1.00272680  3771
COMS 1                  
1 36744U 10032A   11146.87946265 -.00000342  00000-0  10000-3 0  1671
2 36744   0.0266  37.0741 0001213  14.4056 277.4144  1.00270880  3490
ARABSAT-5A              
1 36745U 10032B   11148.10707023  .00000160  00000-0  10000-3 0  1629
2 36745   0.0520 341.9003 0003315 101.1254 231.3433  1.00272734  3536
ECHOSTAR 15             
1 36792U 10034A   11146.43419443 -.00000280  00000-0  10000-3 0  1931
2 36792   0.0116 326.7990 0002507 111.3154 260.2754  1.00270033  3233
BEIDOU IGSO 1           
1 36828U 10036A   11147.03212300 -.00000137  00000-0  10000-3 0  2159
2 36828  54.9208 215.4599 0025985 188.4516 329.8630  1.00266523  3069
NILESAT 201             
1 36830U 10037A   11148.06274500 -.00000050  00000-0  10000-3 0  1059
2 36830   0.0515 160.1630 0004232 275.1141 185.5936  1.00273701  3148
RASCOM-QAF 1R           
1 36831U 10037B   11146.02263127  .00000019  00000-0  10000-3 0  1231
2 36831   0.0333  72.9136 0004680 350.0014 191.3785  1.00274034  3122
CHINASAT 6A             
1 37150U 10042A   11147.91522731 -.00000347  00000-0  00000+0 0  2152
2 37150   0.0593  88.9737 0001148 258.2837 352.3508  1.00275051  2780
XM-5                    
1 37185U 10053A   11148.13276973 -.00000198  00000-0  10000-3 0  1643
2 37185   0.0132  19.1221 0000775  10.9725 177.8364  1.00272463  2318
BSAT 3B                 
1 37207U 10056B   11146.90661399 -.00000348  00000-0  10000-3 0   707
2 37207   0.0696  48.4397 0005283 357.0745 274.9095  1.00271706  2132
BEIDOU G4               
1 37210U 10057A   11148.17737602 -.00000105  00000-0  00000+0 0  1554
2 37210   1.3926 288.1047 0005757 156.2293  24.9104  1.00272311  2164
SKYTERRA 1              
1 37218U 10061A   11147.15032057 -.00000125  00000-0  00000+0 0  1435
2 37218   5.8357 320.3545 0005556 172.8509  63.9805  1.00272366  2073
ZHONGXING-20A           
1 37234U 10064A   11147.81822564 -.00000331  00000-0  00000+0 0  1450
2 37234   0.1321 286.1477 0004809 174.4705 208.9939  1.00275421  1904
HYLAS 1                 
1 37237U 10065A   11146.87731257 -.00000231  00000-0  10000-3 0  1192
2 37237   0.0968  83.3773 0002070 329.8275 113.1853  1.00268727  1852
INTELSAT 17             
1 37238U 10065B   11147.59743076  .00000003  00000-0  10000-3 0  1179
2 37238   0.0121  13.5598 0000969  62.9592  89.3506  1.00272512  1885
BEIDOU IGSO 2           
1 37256U 10068A   11147.23325877 -.00000234  00000-0  10000-3 0  1209
2 37256  55.1499 336.5880 0020607 164.3451 306.5692  1.00275935  1655
KA-SAT                  
1 37258U 10069A   11147.99780485  .00000068  00000-0  10000-3 0   691
2 37258   0.0245 310.7635 0006503 137.6885 164.9607  1.00273145  1675
HISPASAT 1E             
1 37264U 10070A   11148.08244257 -.00000209  00000-0  10000-3 0  1018
2 37264   0.0587 108.6706 0005185 336.8880 159.4308  1.00272046  1527
KOREASAT 6              
1 37265U 10070B   11146.94809551 -.00000359  00000-0  00000-0 0   927
2 37265   0.0617 110.6140 0000317 329.5208 261.3420  1.00271064  1530
ELEKTRO-L 1 (GOMS 2)    
1 37344U 11001A   11147.82234676 -.00000091  00000-0  10000-3 0   813
2 37344   0.2167 308.1915 0003244 166.6315 142.2226  1.00271249  1339
BEIDOU IGSO 3           
1 37384U 11013A   11147.28329126 -.00000139  00000-0  00000+0 0   419
2 37384  55.3359  96.0951 0021265 182.9990 185.8782  1.00273739   530
INTELSAT NEW DAWN       
1 37392U 11016A   11146.00000000  .00000138  00000-0  00000+0 0   415
2 37392   0.0800  18.8350 0011389 200.6650  48.4700  1.00900885   374
YAHSAT 1A               
1 37393U 11016B   11147.62296904  .00000107  00000-0  10000-3 0   382
2 37393   0.0086 319.5361 0001846 136.6189  65.3935  1.00270934   436
