STARLETTE               
1 07646U 75010A   11147.69128083 -.00000114  00000-0  20613-4 0  6065
2 07646  49.8261 210.7076 0205775 256.3359 101.4545 13.82276067833823
LAGEOS 1                
1 08820U 76039A   11148.21836681 -.00000007  00000-0  10000-3 0  1267
2 08820 109.8434  95.6559 0044347  39.1431 321.2267  6.38664800562389
AJISAI (EGS)            
1 16908U 86061A   11148.22704443 -.00000083  00000-0  10000-3 0  5280
2 16908  50.0067 135.8486 0011503 223.5240 136.4686 12.44466645796016
LAGEOS 2                
1 22195U 92070B   11147.58789721 -.00000009  00000-0  10000-3 0  3446
2 22195  52.6381 142.5115 0138459 302.5976  56.1282  6.47294626439597
STELLA                  
1 22824U 93061B   11147.26470141  .00000012  00000-0  22484-4 0  8789
2 22824  98.5597  87.6601 0006915  32.7282 327.4330 14.27294494920331
WESTPAC                 
1 25398U 98043E   11147.96043587 -.00000031  00000-0  41691-5 0  1136
2 25398  98.3303 140.1629 0000989   4.4717 355.6490 14.22691031668930
GRACE-1                 
1 27391U 02012A   11147.45200845  .00001648  00000-0  46112-4 0  7961
2 27391  89.0071 267.8816 0013167 218.7739 141.2595 15.35906403514094
GRACE-2                 
1 27392U 02012B   11147.77743724  .00001626  00000-0  45474-4 0  7950
2 27392  89.0067 267.8602 0014126 220.0051 140.0163 15.35906668514149
GOC                     
1 34602U 09013A   11148.14482560  .00000653  19145-5  17429-5 0  9888
2 34602  96.6245 166.9869 0004106 337.4892  22.6209 16.05993336128547
