COSMOS 2413 (712)       
1 28509U 04053B   11148.02775873 -.00000048  00000-0  10000-3 0  7759
2 28509  63.4668 256.1137 0005749 156.8299 256.6112  2.13102320 49942
COSMOS 2419 (714)       
1 28915U 05050A   11147.63109014  .00000100  00000-0  00000+0 0  5113
2 28915  64.8758 140.2852 0018802 339.4611  74.2164  2.13101974 42180
COSMOS 2425 (716)       
1 29670U 06062A   11147.63109045 -.00000063  00000-0  10000-3 0  2201
2 29670  65.7455  19.0358 0023134 351.9915 134.4079  2.13100888 34387
COSMOS 2426 (717)       
1 29671U 06062B   11147.42971794 -.00000065  00000-0  10000-3 0  2377
2 29671  65.7615  19.0856 0017014 163.8853  38.4731  2.13103393 34382
COSMOS 2424 (715)       
1 29672U 06062C   11147.64682494 -.00000063  00000-0  10000-3 0  2455
2 29672  65.7475  19.0398 0016554 162.6443  26.4290  2.13103107 34388
COSMOS 2433 (720)       
1 32275U 07052A   11147.45617213  .00000101  00000-0  00000+0 0  9762
2 32275  64.8879 140.0308 0005128 274.8373 275.1873  2.13102361 27897
COSMOS 2432 (719)       
1 32276U 07052B   11148.03920525  .00000099  00000-0  10000-3 0  9616
2 32276  64.9012 140.0465 0015590 331.7505 259.2652  2.13102109 27906
COSMOS 2431 (718)       
1 32277U 07052C   11147.18148497  .00000101  00000-0  00000+0 0  9699
2 32277  64.9044 140.0640 0019219 199.7279 286.3114  2.13202671 27975
COSMOS 2434 (721)       
1 32393U 07065A   11147.49937428 -.00000065  00000-0  00000+0 0  8112
2 32393  65.3688  19.2335 0004880 103.5512  15.2750  2.13102921 26603
COSMOS 2435 (722)       
1 32394U 07065B   11148.12161356 -.00000061  00000-0  10000-3 0  7191
2 32394  65.3730  19.2048 0020916   2.8227 187.6734  2.13103303 26550
COSMOS 2436 (723)       
1 32395U 07065C   11146.97626903 -.00000069  00000-0  10000-3 0  7274
2 32395  65.3818  19.2646 0018272 357.5651 171.2583  2.13103248 26521
COSMOS 2442 (724)       
1 33378U 08046A   11148.12961167  .00000098  00000-0  10000-3 0  7551
2 33378  64.8019 139.5722 0028089 330.8940  60.1050  2.13102213 20770
COSMOS 2443 (725)       
1 33379U 08046B   11147.62873494  .00000100  00000-0  10000-3 0  7364
2 33379  64.8099 139.6306 0020104 191.4392  41.0748  2.13102369 20763
COSMOS 2444 (726)       
1 33380U 08046C   11147.50591225  .00000100  00000-0  10000-3 0  7429
2 33380  64.8187 139.6507 0029532 323.9231 129.8998  2.13102693 20755
COSMOS 2447 (727)       
1 33466U 08067A   11147.70672177 -.00000053  00000-0  00000+0 0  6832
2 33466  64.3172 259.6686 0003095 248.5101 101.8211  2.13101938 18817
COSMOS 2449 (729)       
1 33467U 08067B   11147.09311291 -.00000055  00000-0  00000+0 0  6856
2 33467  64.3054 259.6669 0002774 275.8105  99.4318  2.13101885 18831
COSMOS 2448 (728)       
1 33468U 08067C   11148.07841300 -.00000051  00000-0  00000+0 0  6806
2 33468  64.3088 259.6372 0003809 308.4173  11.3334  2.13101432 18837
COSMOS 2456 (730)       
1 36111U 09070A   11146.85221465 -.00000055  00000-0  00000+0 0  4281
2 36111  64.5435 259.7127 0003978 323.4341 182.0777  2.13101847 11259
COSMOS 2457 (733)       
1 36112U 09070B   11147.18697698 -.00000055  00000-0  00000+0 0  4172
2 36112  64.5252 259.6691 0007795 151.7795  26.0019  2.13101496 11265
COSMOS 2458 (734)       
1 36113U 09070C   11147.45718157 -.00000054  00000-0  10000-3 0  4160
2 36113  64.5306 259.6532 0001473  73.6553 356.1803  2.13101960 11276
COSMOS 2459 (731)       
1 36400U 10007A   11148.10044983  .00000098  00000-0  10000-3 0  3574
2 36400  64.7864 139.4086 0033615 348.6757 200.7715  2.13102632  9639
COSMOS 2461 (735)       
1 36401U 10007B   11147.18437870  .00000100  00000-0  10000-3 0  3522
2 36401  64.7789 139.4368 0002215  82.1827  34.7112  2.13102630  9611
COSMOS 2460 (732)       
1 36402U 10007C   11147.95703620  .00000098  00000-0  10000-3 0  3602
2 36402  64.7687 139.4111 0002852 268.6154 125.5244  2.13102318  9636
COSMOS 2466 (738)       
1 37137U 10041A   11147.40371403 -.00000067  00000-0  00000+0 0  2157
2 37137  64.9404  20.3044 0021681 150.9779 118.5768  2.13102677  5694
COSMOS 2465 (737)       
1 37138U 10041B   11147.42260917 -.00000067  00000-0  00000+0 0  2269
2 37138  64.9564  20.3413 0035397 165.5723 298.6660  2.13102994  5695
COSMOS 2464 (736)       
1 37139U 10041C   11147.19571119 -.00000069  00000-0  00000+0 0  2119
2 37139  64.9580  20.3355 0021880  15.2515  49.7830  2.13102918  5691
