GOES 1 [-]              
1 08366U 75100A   11146.59568724 -.00000052  00000-0  10000-3 0  6242
2 08366  14.1427 341.8304 0002697  51.3178 308.6658  1.00312725130052
GOES 2 [-]              
1 10061U 77048A   11146.77655711 -.00000090  00000-0  10000-3 0  7482
2 10061  14.7043 350.3312 0012395 278.1010  81.7227  0.99400751 68843
GOES 3 [P]              
1 10953U 78062A   11145.59140802 -.00000141  00000-0  10000-3 0  4224
2 10953  14.5431 354.0494 0006543  52.2704 307.7494  1.00275259 73763
GOES 4 [-]              
1 11964U 80074A   11146.22236985  .00000008  00000-0  10000-3 0  9778
2 11964  15.0113 357.7065 0034982 321.3535  38.3640  0.99229894 73056
GOES 5 [-]              
1 12472U 81049A   11146.59134782 -.00000218  00000-0  10000-3 0  9075
2 12472  14.3050   8.0239 0003109  45.4103 314.5802  1.00333359 67815
GOES 6 [-]              
1 14050U 83041A   11146.66636102 -.00000085  00000-0  10000-3 0  9245
2 14050  14.1083  12.9935 0005993  32.5722 327.4288  1.00326687160919
GOES 7 [-]              
1 17561U 87022A   11147.38384685  .00000075  00000-0  10000-3 0  9815
2 17561  13.3115  29.9477 0004846  89.7082  90.3091  1.00285977 72022
GOES 8 [-]              
1 23051U 94022A   11147.26780774  .00000028  00000-0  10000-3 0  7096
2 23051   7.4618  64.0068 0002388 227.9871 131.8430  0.98902821 69734
GOES 9 [P]              
1 23581U 95025A   11146.27486637  .00000037  00000-0  10000-3 0  9811
2 23581   7.0067  61.9619 0008429 350.8770   8.9554  0.98798041 58422
GOES 10 [-]             
1 24786U 97019A   11146.15750901 -.00000238  00000-0  10000-3 0  9060
2 24786   5.2307  64.8264 0009266  16.3721 343.4619  0.99072504 51540
GOES 11 [+]             
1 26352U 00022A   11147.26321532  .00000094  00000-0  10000-3 0  3463
2 26352   0.3382  81.2216 0002390  18.6451 103.9944  1.00268296 40519
GOES 12 [B]             
1 26871U 01031A   11148.15927302 -.00000277  00000-0  10000-3 0  1154
2 26871   1.3799  77.3866 0004506  10.9278 155.0432  1.00270810 36125
GOES 13 [+]             
1 29155U 06018A   11147.45938163 -.00000246  00000-0  10000-3 0  6129
2 29155   0.1745 265.7007 0006678 162.9099 266.7530  1.00274134 18360
GOES 14 [S]             
1 35491U 09033A   11148.23154291 -.00000083  00000-0  10000-3 0  9962
2 35491   0.1055  88.7340 0006319 322.5771 172.6851  1.00270563  7046
GOES 15 [S]             
1 36411U 10008A   11148.12776833 -.00000174  00000-0  10000-3 0  6079
2 36411   0.2187  93.8915 0003035  11.3764  96.5001  1.00262083  4549
