GORIZONT 25             
1 21922U 92017A   11147.02817160 -.00000329  00000-0  10000-3 0  4820
2 21922  12.8228  34.9236 0029128 326.2704  33.4835  0.99857264 70029
GORIZONT 26             
1 22041U 92043A   11147.45909593 -.00000225  00000-0  10000-3 0  1070
2 22041  12.7169  36.3304 0029009 115.2989 244.9346  0.99246158 68911
GORIZONT 27             
1 22245U 92082A   11147.63883768 -.00000235  00000-0  10000-3 0  6553
2 22245  12.6307  37.1701 0011619 258.0724 101.7292  1.00154249 72053
GORIZONT 28             
1 22880U 93069A   11146.32862161  .00000103  00000-0  10000-3 0  4936
2 22880  12.2168  40.4315 0036486  16.2915 343.7554  0.99651024 64322
GORIZONT 29             
1 22907U 93072A   11144.99159525 -.00000136  00000-0  10000-3 0  8801
2 22907  12.1856  40.4521 0009862 240.6615 119.1721  1.00170101 64104
GORIZONT 30             
1 23108U 94030A   11146.39884592  .00000087  00000-0  10000-3 0  6818
2 23108  12.0515  41.6016 0002421 351.8949   8.0313  1.00325156 62338
GORIZONT 31             
1 23775U 96005A   11147.09781952 -.00000353  00000-0  10000-3 0  1087
2 23775  11.0973  47.1433 0019803  79.0814 281.0477  0.99894876 56111
GORIZONT 32             
1 23880U 96034A   11146.66757627 -.00000365  00000-0  10000-3 0  7731
2 23880  10.9622  48.0551 0002273 315.8419 237.5228  1.00266191 54948
GORIZONT 33             
1 26372U 00029A   11147.75645322 -.00000102  00000-0  10000-3 0  8222
2 26372   8.3157  56.9128 0004492 350.6921   9.1638  1.00156805 40289
