INTELSAT 602 (IS-602)   
1 20315U 89087A   11147.24763015  .00000035  00000-0  10000-3 0  2664
2 20315   8.5491  57.2666 0001643  20.6027  73.5482  1.00271942 76832
INTELSAT 603 (IS-603)   
1 20523U 90021A   11147.15838897  .00000075  00000-0  00000+0 0  8335
2 20523   8.0446  58.8045 0001174  23.5277 230.5452  1.00272891 70586
SBS-6                   
1 20872U 90091A   11146.31709478  .00000064  00000-0  10000-3 0  3471
2 20872   3.5156  71.3940 0010986 343.4618  16.2280  0.98989462 63797
INTELSAT 605 (IS-605)   
1 21653U 91055A   11147.13830871 -.00000296  00000-0  00000+0 0   697
2 21653   6.1470  64.4745 0002716 324.6064  35.1963  0.99327198 72349
INTELSAT 601 (IS-601)   
1 21765U 91075A   11146.95225117  .00000126  00000-0  10000-3 0  1544
2 21765   6.1712  63.5226 0001161  46.8011 164.1478  1.00273637 71528
INTELSAT 701 (IS-701)   
1 22871U 93066A   11146.34589759  .00000054  00000-0  10000-3 0  7044
2 22871   0.0177  26.2571 0003196  36.8794 124.9587  1.00273207 64307
INTELSAT 702 (IS-702)   
1 23124U 94034A   11145.65423069  .00000085  00000-0  10000-3 0  5284
2 23124   0.0067 244.6516 0001665 177.8114 110.7635  1.00272689 76216
INTELSAT 2 (IS-2)       
1 23175U 94040A   11147.43012138  .00000066  00000-0  00000+0 0  9116
2 23175   2.2428  79.3464 0009938 301.2603  58.2418  0.99192702 61133
INTELSAT 704 (IS-704)   
1 23461U 95001A   11146.31829981  .00000060  00000-0  10000-3 0  2763
2 23461   1.8606  73.7790 0004979 341.6002  17.9011  0.99177733 59927
INTELSAT 705 (IS-705)   
1 23528U 95013A   11147.18332400 -.00000212  00000-0  00000+0 0  2395
2 23528   1.4299  74.6286 0021784 327.9911  31.2271  0.98974403 59176
INTELSAT 706 (IS-706)   
1 23571U 95023A   11146.86206017 -.00000056  00000-0  10000-3 0  2977
2 23571   0.0114   6.8829 0003266  50.8257 208.8204  1.00273014 58671
INTELSAT 3R (IS-3R)     
1 23764U 96002A   11146.84340630 -.00000222  00000-0  10000-3 0   363
2 23764   1.6474  75.4194 0003967 338.4423  52.8202  1.00270776 56299
PAKSAT 1 (ANATOLIA 1)   
1 23779U 96006A   11145.75239315  .00000153  00000-0  00000+0 0  5822
2 23779   0.0481 147.7668 0002985 281.9491 122.1424  1.00272470 56022
INTELSAT 707 (IS-707)   
1 23816U 96015A   11148.15220860 -.00000278  00000-0  10000-3 0  1972
2 23816   0.0397  49.2852 0003404  27.8019 170.0702  1.00272031 55697
GALAXY 9 (G-9)          
1 23877U 96033A   11147.36672616  .00000126  00000-0  10000-3 0  4122
2 23877   2.5299  72.6146 0010128   2.7067 356.9014  0.99536456 54954
INTELSAT 709 (IS-709)   
1 23915U 96035A   11148.00309435  .00000071  00000-0  10000-3 0  3369
2 23915   0.0467 101.6572 0004639 326.3587 234.0060  1.00367801 54771
INTELSAT 26 (IS-26)     
1 24732U 97007A   11148.02728200  .00000118  00000-0  10000-3 0  9968
2 24732   3.2327  70.7237 0003521 355.1240 239.4859  1.00273512 52181
INTELSAT 801 (IS-801)   
1 24742U 97009A   11146.41794793 -.00000212  00000-0  10000-3 0  9317
2 24742   2.4488  73.3965 0002094 340.1672 311.0255  1.00271673 52177
GALAXY 25 (G-25)        
1 24812U 97026A   11146.34826071 -.00000161  00000-0  00000+0 0  2569
2 24812   0.0098  23.8372 0002846  39.9893 212.0147  1.00272189 51308
INTELSAT 802 (IS-802)   
1 24846U 97031A   11145.48848193 -.00000099  00000-0  10000-3 0  2155
2 24846   0.4071  69.0398 0022343 174.7447 115.9852  0.98109177 50964
INTELSAT 5 (IS-5)       
1 24916U 97046A   11147.47604735 -.00000025  00000-0  10000-3 0  1341
2 24916   0.0280  71.5203 0001531 351.0260 162.5414  1.00272515 50482
INTELSAT 805 (IS-805)   
1 25371U 98037A   11146.29387780 -.00000285  00000-0  10000-3 0  6674
2 25371   0.0155   7.0427 0003115  72.7608 214.0000  1.00270755 47400
INTELSAT 7 (IS-7)       
1 25473U 98052A   11146.90918544 -.00000023  00000-0  10000-3 0  1844
2 25473   0.0112  21.8256 0003119  44.1579 214.1007  1.00273229 46499
INTELSAT 8 (IS-8)       
1 25522U 98065A   11145.63119995 -.00000058  00000-0  10000-3 0  9694
2 25522   0.0011 314.2466 0003205  91.3778 230.4569  1.00272008 46055
GALAXY 26 (G-26)        
1 25626U 99005A   11147.71545928  .00000116  00000-0  10000-3 0  8293
2 25626   0.0081   3.2256 0002616  70.0944 119.9226  1.00274163 44999
INSAT-2E (APR-1)        
1 25666U 99016A   11148.02451644 -.00000158  00000-0  10000-3 0  4333
2 25666   0.0448 107.8243 0005079 305.3994 283.8264  1.00271360 44609
GALAXY 27 (G-27)        
1 25922U 99052A   11148.03523603  .00000143  00000-0  10000-3 0  8443
2 25922   0.0415  70.5069 0002658 355.1815 237.3147  1.00273448 42741
GALAXY 11 (G-11)        
1 26038U 99071A   11147.14915131  .00000160  00000-0  10000-3 0  1076
2 26038   0.0181 251.4342 0000292 250.9680 188.4340  1.00273504 41954
GALAXY 4R (G-4R)        
1 26298U 00020A   11147.12334250 -.00000326  00000-0  10000-3 0  9876
2 26298   4.3994  67.9575 0005071   4.7925 354.9767  0.99842459 40754
INTELSAT 9 (IS-9)       
1 26451U 00043A   11147.55125057 -.00000280  00000-0  10000-3 0  5495
2 26451   0.0170 272.0193 0002521 166.7875 306.3787  1.00269819 39701
INTELSAT 12 (IS-12)     
1 26590U 00068A   11147.97176492  .00000143  00000-0  00000+0 0  6135
2 26590   0.0240  40.2330 0006147 288.4701 311.3680  1.00274088 38766
INTELSAT 1R (IS-1R)     
1 26608U 00072A   11146.18595987 -.00000281  00000-0  10000-3 0  3288
2 26608   0.0396 118.7822 0000273 154.3742 347.1995  1.00271667 38592
INTELSAT 10 (IS-10)     
1 26766U 01019A   11146.90918512 -.00000021  00000-0  10000-3 0  7947
2 26766   0.0198 329.0249 0003485 112.1761 198.7017  1.00272502 36770
INTELSAT 901 (IS-901)   
1 26824U 01024A   11147.21723397 -.00000136  00000-0  10000-3 0  7316
2 26824   0.0076 283.1766 0003242 140.9655 240.4938  1.00273174 36522
INTELSAT 902 (IS-902)   
1 26900U 01039A   11147.62163595  .00000038  00000-0  00000+0 0  7416
2 26900   0.0122  18.3658 0003164  48.5069 103.7302  1.00272994 35706
INTELSAT 904 (IS-904)   
1 27380U 02007A   11146.22629913  .00000049  00000-0  00000+0 0  7604
2 27380   0.0155 358.1337 0003038  64.7839 321.9994  1.00273322 33940
INTELSAT 903 (IS-903)   
1 27403U 02016A   11145.27337100 -.00000241  00000-0  10000-3 0  4997
2 27403   0.0087 289.5300 0003363 140.7496 236.1431  1.00272511 33584
INTELSAT 905 (IS-905)   
1 27438U 02027A   11147.13631420 -.00000180  00000-0  10000-3 0  3357
2 27438   0.0018 233.0022 0003350 194.7482 201.1722  1.00272067 32929
GALAXY 3C (G-3C)        
1 27445U 02030A   11147.19912373 -.00000147  00000-0  10000-3 0  3728
2 27445   0.0437 110.9078 0000226 271.5491 198.5947  1.00272000 32801
INTELSAT 906 (IS-906)   
1 27513U 02041A   11146.89966491  .00000017  00000-0  00000+0 0  5285
2 27513   0.0386  55.1175 0003279  24.2603 192.7575  1.00272586 31976
INTELSAT 907 (IS-907)   
1 27683U 03007A   11147.12628698 -.00000198  00000-0  10000-3 0   659
2 27683   0.0072 332.0027 0002940  91.9773 198.3251  1.00272543 30337
GALAXY 12 (G-12)        
1 27715U 03013B   11147.31130315  .00000083  00000-0  00000+0 0  4300
2 27715   0.0092 339.2862 0002455  93.5853 150.7098  1.00272846 29851
GALAXY 23 (G-23)        
1 27854U 03034A   11147.13763188  .00000017  00000-0  00000+0 0  3235
2 27854   0.0026 299.5252 0003273 128.6113 104.7586  1.00272985 28619
GALAXY 13 (HORIZONS-1)  
1 27954U 03044A   11146.42934282  .00000049  00000-0  10000-3 0  1916
2 27954   0.0044 345.4177 0002817  94.0051 191.7763  1.00272810 28088
INTELSAT 10-02          
1 28358U 04022A   11148.06289745 -.00000004  00000-0  10000-3 0   888
2 28358   0.0520 108.7964 0000679 336.8618 181.2720  1.00272761 25483
GALAXY 28 (G-28)        
1 28702U 05022A   11147.20074112 -.00000181  00000-0  10000-3 0   535
2 28702   0.0370  46.4554 0000384  62.3618 118.8782  1.00271091 21740
GALAXY 14 (G-14)        
1 28790U 05030A   11147.69524155  .00000042  00000-0  10000-3 0  1133
2 28790   0.0248  24.7596 0002615  51.4713 293.9566  1.00273991 21173
GALAXY 15 (G-15)        
1 28884U 05041A   11148.13526990  .00000086  00000-0  00000+0 0  1377
2 28884   0.0275  24.6616 0000698  88.3113  47.9743  1.00273627 20608
GALAXY 16 (G-16)        
1 29236U 06023A   11145.46634311 -.00000130  00000-0  10000-3 0  9622
2 29236   0.0051  17.2674 0003558  67.3097 227.0151  1.00277350 18091
GALAXY 17 (G-17)        
1 31307U 07016B   11146.44666149 -.00000173  00000-0  10000-3 0  6871
2 31307   0.0205 351.9466 0003067  72.4047 249.1079  1.00272051 14912
INTELSAT 11 (IS-11)     
1 32253U 07044B   11147.07052255 -.00000265  00000-0  10000-3 0  5398
2 32253   0.0035 225.7085 0003091 196.9220 164.0236  1.00270699 13376
HORIZONS-2              
1 32388U 07063B   11146.46967491 -.00000251  00000-0  10000-3 0  5673
2 32388   0.0052   5.2847 0002218  57.9113 275.5073  1.00269970 12712
GALAXY 18 (G-18)        
1 32951U 08024A   11146.45006760  .00000026  00000-0  10000-3 0  4611
2 32951   0.0198 213.3723 0003451 211.2866 218.0354  1.00274240 11050
INTELSAT 25 (IS-25)     
1 33153U 08034A   11148.06211229 -.00000217  00000-0  10000-3 0  5281
2 33153   0.0191 358.1508 0002653  66.9070 171.0550  1.00271753 10604
INTELSAT 14 (IS-14)     
1 36097U 09064A   11148.06176163 -.00000267  00000-0  00000+0 0  2436
2 36097   0.0809  45.0594 0003444 347.8703 189.5681  1.00270509  5566
INTELSAT 15 (IS-15)     
1 36106U 09067A   11146.93064306 -.00000182  00000-0  10000-3 0  3251
2 36106   0.0206  23.4614 0002767  39.3051 241.5474  1.00270933  5444
INTELSAT 16 (IS-16)     
1 36397U 10006A   11147.55529008 -.00000280  00000-0  10000-3 0  2227
2 36397   0.0019 353.7903 0002555  84.3711 308.3946  1.00271324  4705
