RADCAL                  
1 22698U 93041A   11147.65819552  .00000122  00000-0  46466-4 0  9084
2 22698  89.5451 350.2354 0089908 159.3633 201.1224 14.22878611930157
STRV 1A                 
1 23125U 94034B   11147.09119036  .00005957  00000-0  81216-3 0  8116
2 23125   7.3529  56.1160 6813046 341.1491   2.7329  2.90645611159812
STRV 1B                 
1 23126U 94034C   11147.75053985  .00006027  00000-0  81906-3 0  8148
2 23126   7.4758 352.9787 6773489 106.6775 332.7736  2.95899826162518
REX 2                   
1 23814U 96014A   11147.93644706  .00000081  00000-0  30220-4 0  2826
2 23814  90.1500 284.9630 0022859 144.8994 215.3709 14.23935389790541
COSMOS 2346             
1 24953U 97052A   11147.56262561  .00000012  00000-0 -27900-5 0  1183
2 24953  82.9201 144.7640 0038462 300.4635  59.2726 13.79450784688424
ARGOS                   
1 25634U 99008A   11148.05441012  .00000081  00000-0  60451-4 0  3092
2 25634  98.9095 203.0497 0011039  80.9546 279.2883 14.18958076634712
HELIOS 1B               
1 25977U 99064A   11147.19635570  .00000235  00000-0  40169-4 0  3211
2 25977  98.3101 182.2774 0000758 164.9393 195.1839 14.78029569616640
MTI                     
1 26102U 00014A   11148.03491237  .00001006  00000-0  60061-4 0  8319
2 26102  97.3096 287.7644 0019411 167.2133 327.8855 15.13136595616677
STRV 1C                 
1 26610U 00072C   11145.04172712 -.00000222  00000-0  00000+0 0  2089
2 26610   6.8162  40.9492 7344237 177.9940 187.9868  2.03456963 78218
MIDSTAR-1               
1 30773U 07006B   11147.22079181  .00001227  00000-0  60123-4 0  2099
2 30773  46.0692 177.3854 0008564  48.0007 312.1620 15.25146922234917
CFESAT                  
1 30777U 07006F   11147.32861163  .00000990  00000-0  73089-4 0   968
2 30777  35.4312 121.0687 0003837 252.6328 107.3969 15.04049684231820
NFIRE                   
1 31140U 07014A   11147.81830839  .00003745  00000-0  98662-4 0  4590
2 31140  48.2315  10.3976 0008327  74.6859 285.4992 15.40902384232595
SPIRALE A               
1 33751U 09008C   11147.33146972  .00212873  27931-6  41564-2 0  4791
2 33751   2.2726 327.4915 7198852 108.8583 336.1326  2.43445225 18907
SPIRALE B               
1 33752U 09008D   11146.66919012  .00026075  00000-0  24180-2 0  4457
2 33752   2.3085 331.5894 7276917 100.7155 340.9434  2.31064484 18852
TACSAT 3                
1 35001U 09028A   11147.55341458  .00011904  00000-0  22076-3 0  6012
2 35001  40.4549 298.0213 0022395  52.1306 308.1545 15.48451753113880
