COSMOS 2361             
1 25590U 98076A   11147.52197487  .00000037  00000-0  24390-4 0  6650
2 25590  82.9309 311.0188 0030020 274.4786  85.2941 13.72742064622341
COSMOS 2378             
1 26818U 01023A   11147.11233919  .00000001  00000-0 -15054-4 0  6790
2 26818  82.9260 336.8732 0031544 237.2271 122.5861 13.73757143499667
COSMOS 2389             
1 27436U 02026A   11147.52123560  .00000046  00000-0  31225-4 0  3968
2 27436  82.9470 277.9791 0047535 121.5341 239.0470 13.74758386451431
COSMOS 2398             
1 27818U 03023A   11147.17107286  .00000064  00000-0  53469-4 0  2646
2 27818  82.9479 226.7643 0032924 105.1023 255.3778 13.71982026399466
COSMOS 2407             
1 28380U 04028A   11148.07370579  .00000016  00000-0  59638-6 0  1051
2 28380  82.9594 185.5344 0040097 144.9379 215.4432 13.75870307343807
COSMOS 2414             
1 28521U 05002A   11148.19609870  .00000063  00000-0  39735-4 0  8764
2 28521  82.9499 240.6093 0040589 160.1908 200.0845 13.87379273321540
COSMOS 2429             
1 32052U 07038A   11147.97748351  .00000057  00000-0  43455-4 0  4866
2 32052  82.9769 297.2260 0040115 106.5342 254.0224 13.74719406186089
COSMOS 2454             
1 35635U 09039A   11148.22877715  .00000138  00000-0  10000-3 0  5045
2 35635  82.9557 234.4632 0019837 142.5461 217.7084 13.89410669 93878
COSMOS 2463             
1 36519U 10017A   11148.02262044  .00000015  00000-0  00000+0 0  1681
2 36519  82.9592 328.6202 0034647 264.8281  94.8918 13.71262787 54270
