TRANSIT 16              
1 02807U 67048A   11148.17120961  .00000074  00000-0  10000-3 0  5838
2 02807  89.6803 180.1480 0021073 355.1961   4.8983 13.49775443166392
TRANSIT 17              
1 02965U 67092A   11146.84460814  .00000078  00000-0  10000-3 0  8419
2 02965  89.2404  68.7144 0047168 172.3647 187.8231 13.52487737152901
TRANSIT 18              
1 03133U 68012A   11147.91595440  .00000076  00000-0  10000-3 0  8556
2 03133  89.9639 284.6822 0076968  71.1430 289.8049 13.50593212128350
NNSS 19                 
1 04507U 70067A   11147.20936175  .00000081  00000-0  10140-3 0  5436
2 04507  89.8386 301.2301 0171640 192.9447 166.7273 13.50210573  5357
NNSS O-20               
1 06909U 73081A   11148.16800228  .00000079  00000-0  69826-4 0  9941
2 06909  89.8594 347.8411 0159057 144.1238 217.0736 13.69848113 76257
TRANSAT                 
1 10457U 77106A   11147.25920643  .00000072  00000-0  10000-3 0  1987
2 10457  89.7132 226.9877 0027266  31.2196 329.0565 13.48305256651510
NOVA I                  
1 12458U 81044A   11147.90444544  .00000050  00000-0  10000-3 0  3279
2 12458  90.0489 120.8753 0014173 357.2887   2.8163 13.22739179449667
NOVA 3                  
1 15362U 84110A   11148.22305754  .00000050  00000-0  10000-3 0  2817
2 15362  90.0031  50.0603 0030137 205.8853 154.0780 13.22519242284955
OSCAR 30                
1 15935U 85066A   11148.20971475  .00000038  00000-0  55936-4 0  7933
2 15935  90.0784  27.3213 0168596 305.2184  53.3272 13.35313273255453
OSCAR 24                
1 15936U 85066B   11147.76728004  .00000062  00000-0  10000-3 0  2903
2 15936  90.0649  23.6698 0168829 309.5625  49.0708 13.35206512257518
POLAR BEAR              
1 17070U 86088A   11147.86640500  .00000068  00000-0  60447-4 0  3980
2 17070  89.5262  74.6921 0037250 294.6071  65.1215 13.74393420230117
OSCAR 27                
1 18361U 87080A   11146.87641797  .00000067  00000-0  10000-3 0  8079
2 18361  90.3572 257.8441 0105006 314.2865  44.9704 13.44123937161822
OSCAR 29                
1 18362U 87080B   11146.82697661  .00000067  00000-0  10000-3 0   652
2 18362  90.3582 257.9951 0106963 326.6365  32.8070 13.43749020161565
OSCAR 23                
1 19070U 88033A   11147.54978427  .00000058  00000-0  10000-3 0   896
2 19070  90.2764 203.1731 0189394 188.6477 171.1391 13.27152724117926
OSCAR 32                
1 19071U 88033B   11147.73331906  .00000058  00000-0  10000-3 0  6552
2 19071  90.2817 203.2627 0187953 179.5577 180.5763 13.27354082118121
NOVA 11                 
1 19223U 88052A   11146.90321311  .00000050  00000-0  10000-3 0  8306
2 19223  90.0035  91.6235 0028414 254.2005 105.5993 13.22449803107319
OSCAR 25                
1 19419U 88074A   11147.55800690  .00000066  00000-0  10000-3 0   557
2 19419  89.9433  26.4135 0094959 275.6339  83.3984 13.41858596113969
OSCAR 31                
1 19420U 88074B   11147.55866934  .00000066  00000-0  10000-3 0  7290
2 19420  89.9423  26.3539 0092934 270.0931  88.9566 13.41901464114067
