SIRIUS-1                
1 26390U 00035A   11147.19808660 -.00000076  00000-0  00000+0 0  8745
2 26390  60.9006 249.6905 2704495 270.6022  58.9003  1.00283507 39955
SIRIUS-2                
1 26483U 00051A   11145.86256164  .00000134  00000-0  10000-3 0  5010
2 26483  63.8609 129.4933 2690867 268.8214  60.5609  1.00280238 39278
SIRIUS-3                
1 26626U 00077A   11146.52892443 -.00000169  00000-0  00000-0 0  7744
2 26626  64.0654   9.7139 2699771 269.4712  59.9180  1.00277477 38413
XM-2 (ROCK)             
1 26724U 01012A   11146.46597646 -.00000021  00000-0  10000-3 0  9959
2 26724   0.0173 331.0405 0003488 350.3442 334.7923  1.00272157 37392
XM-1 (ROLL)             
1 26761U 01018A   11148.23154196 -.00000048  00000-0  00000+0 0  7853
2 26761   0.0692 210.1858 0000339 182.2763 191.6874  1.00024926 36885
XM-3 (RHYTHM)           
1 28626U 05008A   11144.22290306 -.00000212  00000-0  10000-3 0  9633
2 28626   0.0454 109.2568 0000579 247.7094 239.6503  1.00270952 22888
XM-4 (BLUES)            
1 29520U 06049A   11145.46756682 -.00000025  00000-0  10000-3 0  7117
2 29520   0.0061  12.9023 0000287 131.8729 150.9746  1.00272465 16839
