CALSPHERE 1             
1 00900U 64063C   11147.53557502  .00000209  00000-0  22413-3 0  3950
2 00900  90.1431 338.4981 0025663 270.9188  88.9008 13.70811590316639
CALSPHERE 2             
1 00902U 64063E   11147.57802963  .00000075  00000-0  10000-3 0  5110
2 00902  90.1441 341.1790 0019079 356.5807   3.5207 13.52492415113252
LCS 1                   
1 01361U 65034C   11146.72503037  .00000009  00000-0  10000-3 0  2793
2 01361  32.1435 276.8313 0012843 354.1496   5.8851  9.89280524665529
TEMPSAT 1               
1 01512U 65065E   11148.18365600  .00000059  00000-0  10000-3 0  5539
2 01512  89.7866 286.4646 0068060 206.9185 152.8419 13.33279850227239
CALSPHERE 4(A)          
1 01520U 65065H   11146.91396174  .00000061  00000-0  10000-3 0  7228
2 01520  90.1679  95.5807 0071534 128.7158 232.0410 13.35377097228838
OPS 5712 (P/L 160)      
1 02826U 67053A   11147.18703902  .00000715  00000-0  24997-3 0  3220
2 02826  69.9320 337.1435 0007503 247.7741 112.2591 14.39157763269264
OPS 5712 (P/L 153)      
1 02874U 67053H   11147.52122987  .00000007  00000-0  43835-4 0  7433
2 02874  69.9739  13.7831 0006642 149.2728 210.8769 13.95973028239532
SURCAL 150B             
1 02909U 67053J   11147.91509756  .00000927  00000-0  26814-3 0  5108
2 02909  69.9518 129.8296 0001868   6.8671 353.2487 14.47584232275633
RIGIDSPHERE 2 (LCS 4)   
1 05398U 71067E   11147.73975503  .00000234  00000-0  79728-4 0  1627
2 05398  87.6224  54.9051 0066295   7.7472 352.4719 14.31419792 86056
RADCAT                  
1 06212U 72076A   11147.42372329  .00009091  00000-0  25507-3 0  3118
2 06212  98.5557 275.0161 0003499  98.0887 262.0691 15.36861539231413
