RADUGA 32               
1 23448U 94087A   11147.23500670 -.00000098  00000-0  10000-3 0  3880
2 23448  11.7128  44.2344 0003010 105.7394 254.2121  1.00284521 77797
RADUGA-1 4              
1 25642U 99010A   11146.20706422 -.00000318  00000-0  10000-3 0  4817
2 25642  10.5281  59.0004 0001671  65.8548 294.0605  1.00332301 44824
RADUGA-1 5              
1 26477U 00049A   11147.62686356  .00000139  00000-0  10000-3 0  1275
2 26477   8.1506  58.3098 0003768 344.8512 110.9319  1.00270782 39342
RADUGA-1 7              
1 28194U 04010A   11147.56953903 -.00000351  00000-0  10000-3 0  4093
2 28194   5.5387  72.7868 0004330   3.4897 128.0994  1.00207740 26252
RADUGA-1M 1             
1 32373U 07058A   11148.05805973 -.00000032  00000-0  10000-3 0    69
2 32373   0.0136 244.4774 0004051 195.2128 256.4671  1.00272414 13589
