LANDSAT 5               
1 14780U 84021A   11148.09955901  .00000027  00000-0  15949-4 0  9191
2 14780  98.1916 215.7517 0003835  57.2436 302.9131 14.57118684448763
SPOT 2                  
1 20436U 90005A   11148.15682579  .00000217  00000-0  47184-4 0  3056
2 20436  98.6364 258.1441 0153621 269.1981  89.1614 14.62236055109285
ERS-2                   
1 23560U 95021A   11148.13202730  .00000139  00000-0  65150-4 0  3365
2 23560  98.5219 223.2421 0001046 111.9796 248.1515 14.34155989841854
RADARSAT-1              
1 23710U 95059A   11148.23880787  .00000051  00000-0  36622-4 0  4623
2 23710  98.5782 155.0164 0001196  90.4069  89.9397 14.29979543812280
TOMS EP                 
1 23940U 96037A   11147.17659991  .00000195  00000-0  57995-4 0  6513
2 23940  97.9420 355.0964 0029066 321.6731  38.2405 14.52467420792330
MIDORI (ADEOS)          
1 24277U 96046A   11147.85448601  .00000010  00000-0  20865-4 0  6596
2 24277  98.4652  97.4928 0001545  24.7408 335.3850 14.28661138770255
ORBVIEW 2 (SEASTAR)     
1 24883U 97037A   11146.94501757  .00000042  00000-0  31333-4 0  4394
2 24883  98.3752 272.6175 0002480 160.9176 199.2106 14.32256560734966
IRS-1D                  
1 24971U 97057A   11148.19140445  .00000069  00000-0  39530-4 0  5359
2 24971  98.1832 157.2693 0053491 336.5560  23.3188 14.33056338714518
TRMM                    
1 25063U 97074A   11147.91401844  .00008411  00000-0  11704-3 0  6737
2 25063  34.9651 324.0864 0001553 297.2660  62.7906 15.56132648770712
SPOT 4                  
1 25260U 98017A   11148.22688359  .00000024  00000-0  31276-4 0  3542
2 25260  98.6125 215.8430 0001214  58.5140 301.6172 14.20078832683105
FASAT B                 
1 25395U 98043B   11147.88500858  .00000055  00000-0  41406-4 0   499
2 25395  98.3000 150.8164 0002225 305.8998  54.1975 14.24439102669477
TECHSAT 1B (GO-32)      
1 25397U 98043D   11148.01612843  .00000076  00000-0  51670-4 0  4890
2 25397  98.3239 141.6576 0001410  20.1892 339.9362 14.23209118669096
LANDSAT 7               
1 25682U 99020A   11148.06805319  .00000055  00000-0  22207-4 0   189
2 25682  98.2042 216.7423 0000408  63.6524 296.4717 14.57108965644458
KITSAT 3                
1 25756U 99029A   11148.21097539  .00000070  00000-0  28797-4 0  5175
2 25756  98.6005  11.9038 0014176 168.4069 191.7455 14.52646400636234
DLR-TUBSAT              
1 25757U 99029B   11148.06404483 -.00000034  00000-0  35096-5 0    20
2 25757  98.6429   3.1696 0014122 204.0899 155.9639 14.50893638635642
IRS-P4 (OCEANSAT 1)     
1 25758U 99029C   11148.19724991  .00000108  00000-0  38455-4 0  7607
2 25758  98.2650 241.2829 0000744 201.1726 158.9439 14.50903686635815
QUIKSCAT                
1 25789U 99034A   11147.21351801 -.00000022  00000-0  90095-5 0   131
2 25789  98.6276 336.7813 0001220  52.6826 307.4470 14.26838108621562
IKONOS 2                
1 25919U 99051A   11148.18014518  .00000100  00000-0  27819-4 0  4787
2 25919  98.1120 222.9747 0001527  76.7592 283.3805 14.64445301623971
CBERS 1 (ZY 1A)         
1 25940U 99057A   11147.16569448  .00000056  00000-0  34429-4 0  8847
2 25940  98.2115 124.8563 0006044 114.2878 245.8939 14.34551031608452
TERRA                   
1 25994U 99068A   11148.22179123  .00000119  00000-0  36341-4 0  9265
2 25994  98.2059 222.8452 0001463  84.9371 275.2013 14.57121188608557
ARIRANG 1 (KOMPSAT-1)   
1 26032U 99070A   11148.20498222  .00000226  00000-0  49624-4 0  9913
2 26032  97.8229   9.4014 0005997 130.9578 229.2141 14.65882470611490
EO-1                    
1 26619U 00075A   11148.17567114  .00000575  00000-0  12337-3 0  2846
2 26619  98.1249 215.2453 0009037 237.8883 122.1471 14.62259684560016
SAC C                   
1 26620U 00075B   11147.46102029  .00000155  00000-0  44238-4 0  3121
2 26620  97.8700 152.0665 0000861  80.3641 279.7674 14.56567132558922
EROS A1                 
1 26631U 00079A   11148.15294640  .00001633  00000-0  11003-3 0   767
2 26631  97.6498 214.6284 0009240  88.7848 354.9959 15.08068954582205
QUICKBIRD 2             
1 26953U 01047A   11148.17823506  .00002697  00000-0  96087-4 0  4076
2 26953  97.2684 215.6312 0002280 107.4658 308.0925 15.29771986539814
TES                     
1 26957U 01049A   11148.18298766 -.00000746  00000-0 -52759-4 0  3642
2 26957  97.6399 224.3689 0037914 307.0463  52.7314 15.00983923525706
JASON 1                 
1 26997U 01055A   11146.83313251 -.00000038  00000-0  10000-3 0  3500
2 26997  66.0458  38.6882 0007776 267.4890  92.5208 12.80929725442801
METEOR-3M               
1 27001U 01056A   11148.19249404 -.00000045  00000-0 -35711-5 0  8813
2 27001  99.1986 342.5569 0013858 352.3758   7.7175 13.68722889472640
BADR-B                  
1 27003U 01056C   11147.61986772 -.00000033  00000-0  98033-5 0  8101
2 27003  99.1705 348.6650 0020469 350.2067   9.8678 13.70115703473102
MAROC-TUBSAT            
1 27004U 01056D   11146.76096749  .00000024  00000-0  74373-4 0  7134
2 27004  99.1695 346.9872 0020252 353.7524   6.3365 13.70040668472958
ENVISAT                 
1 27386U 02009A   11148.14555770  .00000068  00000-0  37372-4 0  2001
2 27386  98.5062 216.4472 0001073  86.8863 273.2469 14.37480457483230
SPOT 5                  
1 27421U 02021A   11148.07441647  .00000169  00000-0  10000-3 0  2688
2 27421  98.6938 221.9962 0001213 103.8689 343.0911 14.20042884469917
AQUA                    
1 27424U 02022A   11147.27999565  .00000199  00000-0  54084-4 0  9614
2 27424  98.1946  88.3460 0001719  87.9923 272.1482 14.57131306482026
HAIYANG-1A              
1 27430U 02024A   11147.75102796  .00000107  00000-0  57810-4 0  6524
2 27430  98.3818 201.5426 0009656 140.2324 219.9566 14.29850898471461
ALSAT 1                 
1 27559U 02054A   11148.16306377  .00000049  00000-0  16274-4 0  5934
2 27559  97.8409   9.1525 0022046 249.7986 110.0818 14.69539628453989
MIDORI II (ADEOS-II)    
1 27597U 02056A   11147.76376332  .00000053  00000-0  39369-4 0  4485
2 27597  98.3760 195.5716 0001816  33.9693 326.1603 14.26278231439933
IRS-P6 (RESOURCESAT-1)  
1 28051U 03046A   11148.34934807 -.00000041  00000-0  98712-6 0  8462
2 28051  98.6394 222.4754 0001221 219.9368 265.0777 14.21662512395019
CBERS 2 (ZY 1B)         
1 28057U 03049A   11148.13457568  .00000043  00000-0  29253-4 0  2931
2 28057  98.1869 177.6350 0002513  50.2835 309.8581 14.34987790398217
TANSUO 1                
1 28220U 04012A   11147.55230869  .00000402  00000-0  47751-4 0  8660
2 28220  97.4490 154.5578 0012215   1.2036 358.9200 14.89272610385965
FORMOSAT-2 (ROCSAT 2)   
1 28254U 04018A   11148.21378677 -.00000042  00000-0  15538-5 0  9095
2 28254  99.0216 212.5025 0002639 123.2333 326.8072 14.00776590358928
AURA                    
1 28376U 04026A   11147.28551576  .00000212  00000-0  57151-4 0  1238
2 28376  98.1942  90.4587 0001308  86.3024 273.8340 14.57106688365073
PARASOL                 
1 28498U 04049G   11147.28471322  .00000155  00000-0  43441-4 0   140
2 28498  98.3577 100.0632 0001040  81.4625 278.6700 14.58531141342412
IRS-P5 (CARTOSAT-1)     
1 28649U 05017A   11148.12016477 -.00000423  00000-0 -45996-4 0  8183
2 28649  97.8784 221.9990 0001438  81.9036 278.2374 14.82644222328055
TOPSAT                  
1 28891U 05043B   11148.20122522  .00000022  00000-0  14021-4 0  2305
2 28891  97.9563  23.5550 0015852 284.8993  75.0443 14.59902963297451
SINAH 1                 
1 28893U 05043D   11147.55172648 -.00000002  00000-0  88534-5 0   799
2 28893  97.9630  24.6013 0014586 286.1973  73.7629 14.60183676297422
ALOS (DAICHI)           
1 28931U 06002A   11148.16272695  .00000197  00000-0  51236-4 0  9655
2 28931  98.1178 221.3299 0002384  83.2734 276.8757 14.59396604284464
EROS B                  
1 29079U 06014A   11148.11510164  .00003380  00000-0  16557-3 0  7148
2 29079  97.4396 266.6999 0011338  87.9201 357.5194 15.18789487282269
RSS-1 (YAOGAN 1)        
1 29092U 06015A   11148.15920204  .00000330  00000-0  49969-4 0  7829
2 29092  97.8951 138.3567 0001378  89.8187 270.3183 14.80452298274804
RESURS-DK 1             
1 29228U 06021A   11148.16961806  .00000406  00000-0  41217-4 0  5506
2 29228  69.9360 312.6208 0003821 166.7166 176.1727 14.98969982276244
ARIRANG 2 (KOMPSAT-2)   
1 29268U 06031A   11148.17896982  .00000075  00000-0  24847-4 0  3717
2 29268  98.3076  33.6947 0016622 103.4818 256.8235 14.61396686257809
LAPAN-TUBSAT            
1 29709U 07001A   11148.14950520  .00000072  00000-0  15890-4 0  8609
2 29709  97.7079 190.5333 0014295 126.8212 233.4342 14.80399288236515
CARTOSAT-2 (IRS-P7)     
1 29710U 07001B   11148.04457453 -.00000034  00000-0  22702-5 0  8393
2 29710  97.9124 208.6832 0001888 116.7159 243.4248 14.78695145236285
HAIYANG-1B              
1 31113U 07010A   11148.11711135  .00000048  00000-0  35168-4 0  5830
2 31113  98.4608 215.0304 0014554 132.8035 227.4376 14.29542491215361
COSMO-SKYMED 1          
1 31598U 07023A   11148.06410869  .00002207  00000-0  28358-3 0  4150
2 31598  97.8678 334.6569 0001484  89.8345 270.3100 14.82174045214773
TERRASAR-X              
1 31698U 07026A   11148.05303896  .00000598  00000-0  31653-4 0  5160
2 31698  97.4453 155.3137 0001706  76.1829 317.1208 15.19157201219043
WORLDVIEW-1 (WV-1)      
1 32060U 07041A   11148.15793374  .00001789  00000-0  75808-4 0  1075
2 32060  97.3655 226.8259 0001434 116.8711 299.0129 15.24427683205257
CBERS 2B                
1 32062U 07042A   11148.09523283  .00000060  00000-0  33642-4 0  7720
2 32062  98.4194 223.5441 0032596 357.1948   2.9052 14.38642454193476
YAOGAN 3                
1 32289U 07055A   11148.05774093 -.00000170  00000-0 -15534-4 0  9263
2 32289  97.8511 140.6307 0001670  68.8112 291.3278 14.80377810191325
COSMO-SKYMED 2          
1 32376U 07059A   11148.03037032  .00000760  00000-0  10199-3 0  8226
2 32376  97.8678 334.6261 0001405  85.1763 274.9660 14.82165971187513
RADARSAT-2              
1 32382U 07061A   11148.04879760  .00000120  00000-0  63524-4 0  8129
2 32382  98.5759 155.5978 0001175  97.1975 354.5173 14.29977986180149
CARTOSAT-2A             
1 32783U 08021A   11148.05831478 -.00000044  00000-0  12025-5 0  4095
2 32783  97.9589 208.1900 0014104 274.0168  85.9445 14.78673010166230
IMS-1                   
1 32786U 08021D   11148.16310715  .00000376  00000-0  56427-4 0  8797
2 32786  97.8528 210.1578 0011252 244.5627 115.4438 14.80090561166409
JASON 2 (OSTM)          
1 33105U 08032A   11147.72790181 -.00000050  00000-0  46041-4 0  9696
2 33105  66.0424  37.1331 0007744 271.6911  88.3193 12.80931260137222
RAPIDEYE 2              
1 33312U 08040A   11148.12089849  .00000106  00000-0  20996-4 0   729
2 33312  97.9356 236.6419 0011460 339.6816  20.3931 14.79884985148208
RAPIDEYE 5              
1 33313U 08040B   11148.14661068  .00000148  00000-0  26595-4 0   582
2 33313  97.9333 235.9601 0017851 196.9663 163.0964 14.79881484148159
RAPIDEYE 1              
1 33314U 08040C   11148.20222885  .00000112  00000-0  21855-4 0  1070
2 33314  97.9348 236.7917 0024321 347.0007  13.0591 14.79882018148206
RAPIDEYE 3              
1 33315U 08040D   11148.17314744  .00000141  00000-0  25572-4 0   423
2 33315  97.9321 236.0088 0010724 278.4783  81.5215 14.79883699148164
RAPIDEYE 4              
1 33316U 08040E   11148.22685602  .00000155  00000-0  27445-4 0   341
2 33316  97.9312 235.9122 0011515 215.5010 144.5436 14.79883164148168
HJ-1A                   
1 33320U 08041A   11148.04816292  .00000377  00000-0  62646-4 0    54
2 33320  97.9068 221.1052 0023746 320.7693  39.1803 14.75512968146550
HJ-1B                   
1 33321U 08041B   11148.21766231  .00000035  00000-0  12683-4 0   496
2 33321  97.9094 221.4134 0042383 331.7431  28.1501 14.75516147146561
GEOEYE 1                
1 33331U 08042A   11148.21304892  .00000025  00000-0  13755-4 0   208
2 33331  98.1133 221.8596 0010791  11.9121 348.2351 14.64434574145396
THEOS                   
1 33396U 08049A   11148.04994090  .00000169  00000-0  10000-3 0  8039
2 33396  98.7429 215.4241 0001001  82.3935   4.3259 14.20007616137524
COSMO-SKYMED 3          
1 33412U 08054A   11148.01770385  .00000515  00000-0  71233-4 0  8491
2 33412  97.8679 334.6127 0001488  88.5791 271.5638 14.82165832139977
YAOGAN 4                
1 33446U 08061A   11148.05677931 -.00000316  00000-0 -40123-4 0  7600
2 33446  97.8339 219.9238 0016297 264.8999  95.0329 14.74367574133853
YAOGAN 5                
1 33456U 08064A   11148.14481571  .00002975  00000-0  10741-3 0  7576
2 33456  97.2987 220.8539 0012527  45.1156  39.2658 15.29198709136355
YAOGAN 6                
1 34839U 09021A   11148.15312306  .00001917  00000-0  92608-4 0  3615
2 34839  97.5644 230.4574 0003131 114.7404 334.4381 15.19881505116252
RAZAKSAT                
1 35578U 09037A   11148.15335661  .00000647  00000-0  17916-4 0   651
2 35578   8.9881 357.1935 0017627  27.7088 332.4063 14.65090785100313
DEIMOS-1                
1 35681U 09041A   11148.04513273  .00000139  00000-0  31723-4 0   294
2 35681  98.0674  47.3774 0001077 105.2115 254.9216 14.69451159 98024
OCEANSAT 2              
1 35931U 09051A   11147.82860256  .00006030  00000-0  15388-2 0  1557
2 35931  98.2764 244.5748 0002060 111.1619 248.9140 14.50873080 88674
WORLDVIEW-2             
1 35946U 09055A   11148.03135871 -.00000012  00000-0  10513-4 0  8110
2 35946  98.5123 226.8142 0001192 147.1064 213.0203 14.37392881 85659
SMOS                    
1 36036U 09059A   11147.53277314 -.00000044  00000-0  00000+0 0  4800
2 36036  98.4427 334.7472 0000946  92.5629 267.5688 14.39756240 82234
YAOGAN 7                
1 36110U 09069A   11148.18302513 -.00000035  00000-0  24032-5 0  6186
2 36110  97.9123 284.1568 0027222   7.7381 352.4215 14.74339024 78867
YAOGAN 10               
1 36834U 10038A   11148.16089259  .00000712  00000-0  10000-3 0  8781
2 36834  97.8252 152.3526 0002156  75.6106 284.5336 14.80372731 43095
COSMO-SKYMED 4          
1 37216U 10060A   11148.11475087  .00000163  00000-0  26958-4 0  6355
2 37216  97.8677 334.7077 0001394  82.0659 278.0758 14.82164107 30074
