AOR-E (EGNOS/PRN 120)   
1 24307U 96053A   11148.07781065 -.00000116  00000-0  10000-3 0  7494
2 24307   0.0810 356.4098 0005628  65.0011 196.3589  1.00271756 53903
IOR-W (EGNOS/PRN 126)   
1 25153U 98006B   11146.94226126  .00000142  00000-0  10000-3 0  6161
2 25153   0.4611 347.5477 0004927  76.7192 183.8042  1.00271086 48778
ARTEMIS (EGNOS/PRN 124) 
1 26863U 01029A   11146.98013128  .00000125  00000-0  10000-3 0  1109
2 26863   9.1048  59.4837 0005099  27.3544 171.5738  1.00274996 37250
MTSAT-1R (MSAS/PRN 129) 
1 28622U 05006A   11147.83032958 -.00000274  00000-0  10000-3 0  4929
2 28622   0.0454  88.6074 0001080 140.0624  95.3438  1.00271481 22868
IOR (GAGAN/PRN 127)     
1 28628U 05009A   11146.62558116 -.00000261  00000-0  10000-3 0  8675
2 28628   2.4371 337.6530 0003085  90.5190 184.3734  1.00271175 22527
ANIK F1R (WAAS/PRN 138) 
1 28868U 05036A   11145.36428374 -.00000077  00000-0  00000+0 0  8741
2 28868   0.0412  54.1158 0002036  15.7484 196.5866  1.00271976 20988
GALAXY 15 (WAAS/PRN 135)
1 28884U 05041A   11148.13526990  .00000086  00000-0  00000+0 0  1377
2 28884   0.0275  24.6616 0000698  88.3113  47.9743  1.00273627 20608
MTSAT-2 (MSAS/PRN 137)  
1 28937U 06004A   11146.75418472 -.00000240  00000-0  10000-3 0  9520
2 28937   0.0757 100.3141 0003003 304.8938 255.2919  1.00272868 19334
INMAR 4F3 (WAAS/PRN 133)
1 33278U 08039A   11145.38941369 -.00000148  00000-0  10000-3 0  2113
2 33278   3.0079 339.3736 0003042  89.3559 216.4630  1.00272857 10168
QZS-1 (PRN 183/193)     
1 37158U 10045A   11147.40817961 -.00000114  00000-0  10000-3 0  1111
2 37158  40.8473 191.4042 0758623 269.7644  65.4926  1.00295020  2601
GSAT 8 (GAGAN/PRN 128)  
1 37605U 11022A   11147.57600198  .00000037  00000-0  00000+0 0   133
2 37605   0.0736 105.0118 0026860  72.4889 325.1276  1.00753615   100
