ALOUETTE 1 (S-27)       
1 00424U 62049A   11147.51988169  .00000037  00000-0  32276-4 0  6588
2 00424  80.4636 294.2369 0023523  21.2292 338.9821 13.68768010428735
IUE                     
1 10637U 78012A   11145.55369239 -.00000311  00000-0  10000-3 0  6907
2 10637  43.6479   5.9906 1501556 166.6735 197.7470  1.00061709 74536
IRAS                    
1 13777U 83004A   11147.55584894  .00000186  00000-0  15565-3 0  5336
2 13777  99.0418 343.4894 0018029  62.2549 298.0441 14.00137238116860
AKEBONO (EXOS-D)        
1 19822U 89016A   11147.10582846  .00009886  31808-6  30192-3 0  8505
2 19822  75.0974  24.3628 2614474 224.0625 112.0079 10.17764724666850
INTERCOSMOS 24          
1 20261U 89080A   11147.68793592  .00000128  00000-0  30435-4 0  4691
2 20261  82.5906   1.1736 1214875 150.3580 217.2402 12.53643522988478
COBE                    
1 20322U 89089A   11147.08427753  .00000383  00000-0  26817-3 0  4865
2 20322  99.0007 152.8663 0008074 313.2427  46.8079 14.04430285102679
HST                     
1 20580U 90037B   11147.24512652  .00000545  00000-0  28585-4 0  7708
2 20580  28.4693 153.2495 0003337 256.1202 103.8907 15.01364093956507
ROSAT                   
1 20638U 90049A   11147.57000037  .00031793  00000-0  16313-3 0  3317
2 20638  52.9885 184.3240 0003005  53.0648 307.0649 15.80985544170965
CRRES                   
1 20712U 90065A   11147.35280865  .00000089  00000-0  41964-3 0  2675
2 20712  17.6239 137.5683 7134240 253.9259  22.7800  2.43129418174332
SARA                    
1 21578U 91050E   11146.97128281  .00000242  00000-0  72580-4 0  1614
2 21578  98.3225 116.0255 0002976 145.7240 214.4145 14.50777513 47171
UARS                    
1 21701U 91063B   11147.87536389  .00049484  11000-4  24729-3 0  3203
2 21701  56.9601  96.0901 0039199 125.8485 234.6237 15.81385777 90175
SAMPEX                  
1 22012U 92038A   11148.22835328  .00007741  00000-0  15358-3 0  5234
2 22012  81.6361 211.0975 0036848 289.0077  70.7178 15.46063606 43780
ORBVIEW 1 (MICROLAB)    
1 23547U 95017C   11147.08513980  .00000182  00000-0  56131-4 0  5763
2 23547  69.9790 333.5220 0012088 319.3010  40.7223 14.55840136855774
RXTE (XTE)              
1 23757U 95074A   11147.96921361  .00002919  00000-0  82000-4 0  3911
2 23757  22.9821  10.6724 0008013 248.5221 111.4460 15.29803685854489
FAST                    
1 24285U 96049A   11147.98901368  .00001072  00000-0  97135-4 0  1831
2 24285  82.9779  61.2343 1982125 255.1413  82.2926 11.29331419598514
TRACE                   
1 25280U 98020A   11148.11820724  .00001039  00000-0  88773-4 0  8759
2 25280  97.6117 354.3082 0022482  33.8868 326.3786 14.99596508717410
SAFIR 2                 
1 25399U 98043F   11148.02896373  .00000109  00000-0  65240-4 0  9301
2 25399  98.3022 149.2880 0000701 268.8932  91.2180 14.24001763669372
SWAS                    
1 25560U 98071A   11147.22122768  .00000424  00000-0  56380-4 0  5720
2 25560  69.9006  40.4609 0011535 262.6472  97.3369 14.87332523675774
ASTRID 2                
1 25568U 98072B   11147.61764644  .00000067  00000-0  57681-4 0  6850
2 25568  82.9500 177.0264 0023213 245.4685 114.4048 13.72049270623945
ORSTED                  
1 25635U 99008B   11147.26960589  .00000225  00000-0  62907-4 0  2143
2 25635  96.4488 180.9732 0144495  95.3263 266.4450 14.45999875646203
SUNSAT (SO-35)          
1 25636U 99008C   11148.07933028  .00000060  00000-0  23073-4 0  9181
2 25636  96.4512 172.6027 0148600 133.7811 227.5792 14.43563652645513
WIRE                    
1 25646U 99011A   11130.21694826  .32787649  27057-5  24659-3 0  6096
2 25646  97.2373  69.0355 0009444 231.5077 128.8522 16.52763843683505
ABRIXAS                 
1 25721U 99022A   11147.11218200  .00002090  00000-0  10377-3 0  1318
2 25721  48.4400 327.5547 0020039 200.8120 159.1998 15.21956219668361
TERRIERS                
1 25735U 99026A   11147.16712902  .00000979  00000-0  41860-4 0  3048
2 25735  97.1265 359.9031 0008536  69.5945 290.6201 15.25042343666887
FUSE 1                  
1 25791U 99035A   11147.49025425  .00000222  00000-0  12369-4 0  9873
2 25791  24.9875 299.4279 0010550 168.0380 192.0390 14.41880102628874
CXO                     
1 25867U 99040B   11147.83333333 -.00000242  00000-0  00000+0 0  6099
2 25867  69.2296  33.0960 8599497 276.5966 359.2620  0.37806878  7693
CLEMENTINE              
1 25978U 99064B   11147.84083939  .00000893  00000-0  10840-3 0  2884
2 25978  98.1062 246.2869 0010228 343.6318  16.4565 14.86094711621284
XMM-NEWTON              
1 25989U 99066A   11147.95833333  .00000369  00000-0  10000-3 0   403
2 25989  61.8933  86.9069 6374407 101.1982 352.1294  0.50127978  9796
TERRA                   
1 25994U 99068A   11148.22179123  .00000119  00000-0  36341-4 0  9265
2 25994  98.2059 222.8452 0001463  84.9371 275.2013 14.57121188608557
ACRIMSAT                
1 26033U 99070B   11146.84788303  .00000057  00000-0  20759-4 0  2591
2 26033  97.8789   9.5478 0029609 127.2169 233.1740 14.60693262608992
IMAGE                   
1 26113U 00017A   11147.22618007  .00000018  00000-0  10000-3 0   591
2 26113  92.5511 220.0394 7496383 205.1709  81.3789  1.68637199 68776
CLUSTER II-FM6          
1 26410U 00041A   11147.62500000  .00002772  00000-0  00000-0 0  6664
2 26410 138.9306 250.2899 8839592  72.2283 353.8456  0.44219601  7714
CLUSTER II-FM7          
1 26411U 00041B   11147.58333333  .00002766  00000-0  00000-0 0  6655
2 26411 138.8790 250.1598 8836811  72.1502 355.8561  0.44220889  7786
CLUSTER II-FM5          
1 26463U 00045A   11147.62500000  .00002585  00000-0  00000-0 0  6567
2 26463 140.3594 246.7338 8706990  68.5009 357.3446  0.44220746  8288
CLUSTER II-FM8          
1 26464U 00045B   11147.54166667  .00002612  00000-0  00000+0 0  6432
2 26464 136.3730 233.9204 9051761  57.3715 356.0194  0.44231424  7680
MEGSAT-1                
1 26546U 00057B   11147.21605381  .00000264  00000-0  48435-4 0  2853
2 26546  64.5592  32.7845 0008621 331.9484  28.1158 14.84668028577421
HETE-2                  
1 26561U 00061A   11145.18404959  .00001554  00000-0  62708-4 0  6460
2 26561   1.9511  30.6977 0023069  15.1774 344.8837 14.96801720581184
MUNIN                   
1 26621U 00075C   11147.65527152 -.00001212  00000-0 -10825-2 0  1163
2 26621  95.4040 183.4769 0718006  10.9717 350.6164 13.03745882500153
ODIN                    
1 26702U 01007A   11147.64623997  .00000376  00000-0  38179-4 0  3245
2 26702  97.6663 165.3962 0002554 250.9245 109.1697 14.96402082559526
TIMED                   
1 26998U 01055B   11147.10885661  .00000202  00000-0  28281-4 0  8857
2 26998  74.0745  27.7552 0001725 276.4575  83.6437 14.84376399512690
RHESSI                  
1 27370U 02004A   11146.89279967  .00001064  00000-0  84542-4 0  5843
2 27370  38.0412 313.3310 0015949  36.1917 323.9921 15.03409900510374
INTEGRAL                
1 27540U 02048A   11145.95833333 -.00000759  00000-0  10000-3 0   482
2 27540  76.5804 317.0120 8889729 251.0109 356.0529  0.33406999  6664
FEDSAT                  
1 27598U 02056B   11148.10243839  .00000125  00000-0  66680-4 0  3867
2 27598  98.2837 177.3086 0008418 303.8118  56.2255 14.28074471440569
WEOS                    
1 27599U 02056C   11148.08286170  .00000028  00000-0  27479-4 0  3887
2 27599  98.2964 184.9288 0009259 315.0398  45.0037 14.28649905440720
MICRO LABSAT            
1 27600U 02056D   11148.10011290 -.00000006  00000-0  13795-4 0  3605
2 27600  98.2925 184.3379 0010323 316.7696  43.2676 14.28933706440823
CORIOLIS                
1 27640U 03001A   11147.03353257 -.00000132  00000-0 -42469-4 0  5796
2 27640  98.7533 153.6980 0014210 177.5151 182.6079 14.18419867434141
CHIPSAT                 
1 27643U 03002B   11147.90759749  .00000106  00000-0  10151-4 0  7202
2 27643  94.0128 314.1268 0014029  89.4864 270.7974 14.97938064457179
SORCE                   
1 27651U 03004A   11148.04050450  .00000323  00000-0  54776-4 0  5033
2 27651  39.9985 356.8448 0027590 245.6832 114.1076 14.82657944451658
GALEX                   
1 27783U 03017A   11147.71891310  .00000316  00000-0  43201-4 0  2258
2 27783  29.0005 260.5121 0004276 225.9054 134.1167 14.59969983431552
MOST                    
1 27843U 03031D   11147.62912183 -.00000008  00000-0  16663-4 0  1219
2 27843  98.7164 155.2690 0008930 270.3698  89.6466 14.20173308409870
QUAKESAT                
1 27845U 03031F   11148.09044646  .00000122  00000-0  77327-4 0  1246
2 27845  98.7144 156.7103 0007743 278.8532  81.1768 14.20483529409945
AAU CUBESAT             
1 27846U 03031G   11147.91781985  .00000072  00000-0  53293-4 0   127
2 27846  98.6982 157.6077 0008533 235.4647 124.5736 14.21115828410145
SCISAT 1                
1 27858U 03036A   11147.74215954  .00000072  00000-0  15922-4 0  3304
2 27858  73.9343 226.8257 0007588 123.3239 236.8667 14.74984238419321
KAISTSAT 4              
1 27945U 03042G   11147.29184544 -.00000014  00000-0  58897-5 0  2662
2 27945  97.8501   3.2391 0013521  62.3653 297.8911 14.63272378409276
GP-B                    
1 28230U 04014A   11147.56243355  .00000216  00000-0  28966-4 0  1111
2 28230  89.9215 152.5105 0003382  91.2871 268.8736 14.76184724382416
DEMETER                 
1 28368U 04025C   11148.21460791  .00000285  00000-0  54287-4 0  8166
2 28368  97.9153 206.8770 0001823 124.0134 236.1267 14.70952289370051
DOUBLESTAR (TC-2)       
1 28382U 04029A   11147.71022510  .00005300  00000-0  13307-2 0  7598
2 28382  88.4365 328.7353 7392006 158.9933 354.5623  2.14672440 52684
SWIFT                   
1 28485U 04047A   11146.92619175  .00001076  00000-0  62155-4 0  8766
2 28485  20.5575   9.9523 0014126 214.6369 145.3146 14.93266318355714
SUZAKU (ASTRO-EII)      
1 28773U 05025A   11148.21470087  .00000692  00000-0  46389-4 0  5103
2 28773  31.4049  89.4862 0006889 342.1954  17.8447 15.01710862322982
AKARI (ASTRO-F)         
1 28939U 06005A   11147.64924770  .00000205  00000-0  54996-4 0  5861
2 28939  98.2539 155.1036 0009042 133.0963 227.0983 14.57752157279441
FORMOSAT-3 FM6          
1 29047U 06011A   11147.14963422  .00000309  00000-0  14113-3 0  5143
2 29047  71.9806  18.1548 0051468   3.5843 356.5672 14.27222126268873
FORMOSAT-3 FM1          
1 29048U 06011B   11147.93824188  .00000390  00000-0  17471-3 0  5922
2 29048  71.9694 291.1587 0045759 313.8368  45.8974 14.27242409271468
FORMOSAT-3 FM5          
1 29049U 06011C   11147.10881371  .00000362  00000-0  16364-3 0  5401
2 29049  72.0207  85.8887 0035104  10.5753 349.6094 14.27258837267122
FORMOSAT-3 FM3          
1 29050U 06011D   11147.42550826  .00001114  00000-0  26646-3 0  8544
2 29050  72.0171 198.5319 0055299 206.3279 153.5030 14.54612757274340
FORMOSAT-3 FM4          
1 29051U 06011E   11147.98377026  .00000373  00000-0  16522-3 0  5944
2 29051  72.0081 351.9096 0070326 241.4043 117.9997 14.27255277269839
FORMOSAT-3 FM2          
1 29052U 06011F   11148.02527521  .00000361  00000-0  16273-3 0  6174
2 29052  72.0372  56.1531 0041209 337.9232  22.0119 14.27286131268148
CLOUDSAT                
1 29107U 06016A   11147.69236659  .00000099  00000-0  32062-4 0  6006
2 29107  98.1939  90.9345 0001485  93.5014 266.6331 14.57135042270198
CALIPSO                 
1 29108U 06016B   11148.03616594 -.00003167  00000-0 -69366-3 0  6182
2 29108  98.1942  91.3241 0000989  96.7046 263.4598 14.57087192270227
HINODE (SOLAR-B)        
1 29479U 06041A   11148.05535791  .00000153  00000-0  39002-4 0  4781
2 29479  98.0988 149.0821 0015117 329.9596  30.0737 14.63140750249778
SJ-6C                   
1 29505U 06046A   11148.12126583  .00000312  00000-0  37112-4 0  1334
2 29505  97.7035 147.0936 0001905 221.0594 139.0467 14.90941562249851
SJ-6D                   
1 29506U 06046B   11148.02380093  .00000757  00000-0  83666-4 0  1150
2 29506  97.7095 145.7164 0001167 340.4338  19.6855 14.90222398249727
COROT                   
1 29678U 06063A   11147.36579753 -.00000040  00000-0 -35682-4 0  4658
2 29678  90.0027   9.9356 0007136  82.5141 277.6834 13.98194532225205
AIM                     
1 31304U 07015A   11147.39765218  .00001122  00000-0  11263-3 0  3748
2 31304  97.8170 252.2281 0012191  35.1845 325.0137 14.93264364222589
FGRST (GLAST)           
1 33053U 08029A   11147.34717649  .00000279  00000-0  00000+0 0  7724
2 33053  25.5849 244.0412 0013663 346.8515  13.1716 15.05383820162842
KORONAS-FOTON           
1 33504U 09003A   11147.82441801  .00000519  00000-0  33540-4 0  5731
2 33504  82.4789 253.2977 0016140 173.7332 336.8063 15.05987503127471
TATIANA 2               
1 35868U 09049D   11148.18290772  .00000178  00000-0  10000-3 0  4167
2 35868  98.7060 203.8217 0005351  79.2651 280.9105 14.22159489 87767
UGATUSAT                
1 35869U 09049E   11148.09806047  .00000177  00000-0  10000-3 0  3984
2 35869  98.7043 203.5213 0005478  86.4234 273.7557 14.22011981 87742
SUMBANDILA (SO-67)      
1 35870U 09049F   11148.14794692  .00001102  00000-0  53141-4 0  8779
2 35870  97.2820 192.1735 0003897  89.9296 355.6698 15.20720460 93899
WISE                    
1 36119U 09071A   11147.89248046  .00000579  00000-0  35877-4 0  4194
2 36119  97.5141 152.1355 0004421 106.9194 253.2523 15.13601384 80026
SDO                     
1 36395U 10005A   11148.13577884 -.00000010  00000-0  00000+0 0  2815
2 36395  27.8970 181.1696 0002720 302.7618  68.4487  1.00273096  4921
CRYOSAT 2               
1 36508U 10013A   11147.13811696  .00000003  00000-0  00000+0 0  3521
2 36508  92.0256  26.9425 0009042 324.1615  35.9004 14.52175256 60019
PICARD                  
1 36598U 10028A   11148.06798308  .00000022  00000-0  16943-4 0   114
2 36598  98.2879 334.2728 0001080 294.9879  65.1205 14.49463625 50189
