ISS (ZARYA)             
1 25544U 98067A   11148.14843765  .00026129  00000-0  17083-3 0  4293
2 25544  51.6513 263.4932 0004063 338.1853  83.1660 15.75631637717751
SOYUZ-TMA 20            
1 37254U 10067A   11143.88794094 -.00011788  00000-0 -71932-4 0  1416
2 37254  51.6424 285.4308 0004980 339.0247  21.0003 15.75444507 25021
ATV-2 (JOHANNES KEPLER) 
1 37368U 11007A   11146.50425755  .00016213  00000-0  10821-3 0  1217
2 37368  51.6484 271.9502 0003400 321.9646 127.1023 15.75523823 15543
SOYUZ-TMA 21            
1 37382U 11012A   11146.50425755  .00016213  00000-0  10821-3 0   566
2 37382  51.6484 271.9502 0003400 321.9646 127.1023 15.75523823  8136
PROGRESS-M 10M          
1 37396U 11017A   11146.50425755  .00016213  00000-0  10821-3 0   454
2 37396  51.6484 271.9502 0003400 321.9646 127.1023 15.75523823  4564
STS 134                 
1 37577U 11020A   11146.50425755  .00016213  00000-0  10821-3 0   213
2 37577  51.6484 271.9502 0003400 321.9646 127.1023 15.75523823  1551
