LANDSAT 4               
1 13367U 82072A   11147.13387352  .00000108  00000-0  12792-4 0  7403
2 13367  98.2431 113.4138 0018337 100.1719 260.1574 15.04365475550972
TDRS 1                  
1 13969U 83026B   11145.80164434 -.00000129  00000-0  10000-3 0  2663
2 13969  13.5816   5.6483 0020068 103.2459 256.9388  0.98745804 76043
LANDSAT 5               
1 14780U 84021A   11148.09955901  .00000027  00000-0  15949-4 0  9191
2 14780  98.1916 215.7517 0003835  57.2436 302.9131 14.57118684448763
ERBS                    
1 15354U 84108B   11147.17696478  .00001537  00000-0  91486-4 0  6693
2 15354  56.9877 106.1554 0011398 298.0600  61.9290 15.17129784459595
TDRS 3                  
1 19548U 88091B   11145.32432809 -.00000295  00000-0  10000-3 0  6545
2 19548  13.0981  32.4960 0034093 328.8036 309.3994  1.00272251 70233
TDRS 4                  
1 19883U 89021B   11147.39996236 -.00000280  00000-0  10000-3 0   435
2 19883  11.9719  43.5822 0008462   4.5312 294.6403  1.00273175253822
HST                     
1 20580U 90037B   11147.24512652  .00000545  00000-0  28585-4 0  7708
2 20580  28.4693 153.2495 0003337 256.1202 103.8907 15.01364093956507
TDRS 5                  
1 21639U 91054B   11148.20490781  .00000105  00000-0  10000-3 0  8366
2 21639  11.3917  47.1054 0022637 335.7122 128.7728  1.00267647 72589
UARS                    
1 21701U 91063B   11147.87536389  .00049484  11000-4  24729-3 0  3203
2 21701  56.9601  96.0901 0039199 125.8485 234.6237 15.81385777 90175
TOPEX/POSEIDON          
1 22076U 92052A   11146.77370060 -.00000038  00000-0  10000-3 0  6935
2 22076  66.0327  38.8407 0007805 266.5166  93.4951 12.80957825879007
TDRS 6                  
1 22314U 93003B   11147.38000015  .00000093  00000-0  10000-3 0  8678
2 22314  10.7770  50.0033 0014648 356.2956 163.9688  1.00280079 67298
TDRS 7                  
1 23613U 95035B   11147.96303672 -.00000181  00000-0  10000-3 0  9914
2 23613  12.4550  40.2242 0029378 337.0214 299.1619  1.00254272 58101
RXTE (XTE)              
1 23757U 95074A   11147.96921361  .00002919  00000-0  82000-4 0  3911
2 23757  22.9821  10.6724 0008013 248.5221 111.4460 15.29803685854489
TRMM                    
1 25063U 97074A   11147.91401844  .00008411  00000-0  11704-3 0  6737
2 25063  34.9651 324.0864 0001553 297.2660  62.7906 15.56132648770712
KIKU-7 (ETS-VII)        
1 25064U 97074B   11147.25330673  .00001806  00000-0  67242-4 0  3553
2 25064  34.9566 230.9013 0004091 192.0079 168.0541 15.27273910749385
ISS (ZARYA)             
1 25544U 98067A   11148.14843765  .00026129  00000-0  17083-3 0  4293
2 25544  51.6513 263.4932 0004063 338.1853  83.1660 15.75631637717751
LANDSAT 7               
1 25682U 99020A   11148.06805319  .00000055  00000-0  22207-4 0   189
2 25682  98.2042 216.7423 0000408  63.6524 296.4717 14.57108965644458
FUSE 1                  
1 25791U 99035A   11147.49025425  .00000222  00000-0  12369-4 0  9873
2 25791  24.9875 299.4279 0010550 168.0380 192.0390 14.41880102628874
TERRA                   
1 25994U 99068A   11148.22179123  .00000119  00000-0  36341-4 0  9265
2 25994  98.2059 222.8452 0001463  84.9371 275.2013 14.57121188608557
TDRS 8                  
1 26388U 00034A   11147.72840017 -.00000215  00000-0  10000-3 0  4085
2 26388   3.0635  84.2051 0003775 335.1016 176.9406  1.00277427 40048
EO-1                    
1 26619U 00075A   11148.17567114  .00000575  00000-0  12337-3 0  2846
2 26619  98.1249 215.2453 0009037 237.8883 122.1471 14.62259684560016
TIMED                   
1 26998U 01055B   11147.10885661  .00000202  00000-0  28281-4 0  8857
2 26998  74.0745  27.7552 0001725 276.4575  83.6437 14.84376399512690
TDRS 9                  
1 27389U 02011A   11148.23762699 -.00000269  00000-0  00000+0 0  6884
2 27389   1.3926 173.4040 0021228 215.6302 239.8120  1.00267753 35302
AQUA                    
1 27424U 02022A   11147.27999565  .00000199  00000-0  54084-4 0  9614
2 27424  98.1946  88.3460 0001719  87.9923 272.1482 14.57131306482026
TDRS 10                 
1 27566U 02055A   11145.24781137 -.00000265  00000-0  10000-3 0  4312
2 27566   0.7005  53.4403 0004443   1.7915 235.7114  1.00272080 31093
SORCE                   
1 27651U 03004A   11148.04050450  .00000323  00000-0  54776-4 0  5033
2 27651  39.9985 356.8448 0027590 245.6832 114.1076 14.82657944451658
GALEX                   
1 27783U 03017A   11147.71891310  .00000316  00000-0  43201-4 0  2258
2 27783  29.0005 260.5121 0004276 225.9054 134.1167 14.59969983431552
GP-B                    
1 28230U 04014A   11147.56243355  .00000216  00000-0  28966-4 0  1111
2 28230  89.9215 152.5105 0003382  91.2871 268.8736 14.76184724382416
AURA                    
1 28376U 04026A   11147.28551576  .00000212  00000-0  57151-4 0  1238
2 28376  98.1942  90.4587 0001308  86.3024 273.8340 14.57106688365073
SWIFT                   
1 28485U 04047A   11146.92619175  .00001076  00000-0  62155-4 0  8766
2 28485  20.5575   9.9523 0014126 214.6369 145.3146 14.93266318355714
THEMIS A                
1 30580U 07004A   11147.83333333 -.00000362  00000-0  10000-3 0   751
2 30580   6.6973 188.4070 7907229 226.2490 355.6783  1.00294384 15013
THEMIS D                
1 30797U 07004D   11147.87500000 -.00000439  00000-0  00000+0 0  2260
2 30797   1.4614 100.6930 7689012 316.0849 352.6495  1.00280023 14866
THEMIS E                
1 30798U 07004E   11147.83333333 -.00000443  00000-0  10000-3 0  2518
2 30798   1.5137 172.4294 7886895 243.8303 347.8059  1.00288508 15014
AIM                     
1 31304U 07015A   11147.39765218  .00001122  00000-0  11263-3 0  3748
2 31304  97.8170 252.2281 0012191  35.1845 325.0137 14.93264364222589
C/NOFS                  
1 32765U 08017A   11147.21154758  .00007636  00000-0  32414-3 0  7959
2 32765  13.0014 126.2658 0296153 352.2606   7.3163 14.86377228168748
FGRST (GLAST)           
1 33053U 08029A   11147.34717649  .00000279  00000-0  00000+0 0  7724
2 33053  25.5849 244.0412 0013663 346.8515  13.1716 15.05383820162842
WISE                    
1 36119U 09071A   11147.89248046  .00000579  00000-0  35877-4 0  4194
2 36119  97.5141 152.1355 0004421 106.9194 253.2523 15.13601384 80026
