MERIDIAN 4              
1 37398U 11018A   11147.79510869  .00000136  00000-0  10000-3 0   513
2 37398  62.8273  74.5836 7237545 284.9812 337.0417  2.00617473   454
SL-26 R/B               
1 37399U 11018B   11147.24959791 -.00001315  00000-0  10000-3 0   190
2 37399  62.8273  74.5565 7291176 284.5065  10.7158  2.00303261   454
ATLAS 5 R/B             
1 37482U 11019B   11146.39359078  .00098598  32906-4  79517-4 0   349
2 37482  21.1647 314.1951 7262608 189.5893 139.1723  2.38067558   432
STS 134                 
1 37577U 11020A   11146.50425755  .00016213  00000-0  10821-3 0   213
2 37577  51.6484 271.9502 0003400 321.9646 127.1023 15.75523823  1551
2011-021A               
1 37602U 11021A   11148.21033870  .00000024  00000-0  00000+0 0    99
2 37602  49.3734 172.1396 6082033 358.6181   0.3444  3.85845816   286
2011-021B               
1 37603U 11021B   11148.16149454 -.00000036  00000-0  00000+0 0    94
2 37603  13.6799 174.7946 4721607   1.1671 359.7739  1.78894759   121
2011-021C               
1 37604U 11021C   11147.15839137 -.00000047  00000-0  00000+0 0    88
2 37604  13.5291 173.7587 4828110   7.7877 357.7436  1.92774873   116
GSAT 8                  
1 37605U 11022A   11147.57600198  .00000037  00000-0  00000+0 0   133
2 37605   0.0736 105.0118 0026860  72.4889 325.1276  1.00753615   100
ST 2                    
1 37606U 11022B   11146.74147550 -.00000217  00000-0  00000+0 0   119
2 37606   0.0184 320.0807 0005832 143.5343 134.6630  1.00336487   104
ARIANE 5 R/B            
1 37607U 11022C   11145.05846743 -.00000407  00000-0  00000+0 0   125
2 37607   2.2197  19.2070 7281842 172.9534 209.5338  2.28914653   109
ARIANE 5 DEB [SYLDA]    
1 37608U 11022D   11143.72706652 -.00000397  00000-0  00000+0 0    63
2 37608   2.4748  12.3909 7287468 179.3145 182.8664  2.27998193    57
