MACSAT 2 (M 2)          
1 20608U 90043B   11147.52267726  .00000204  00000-0  27908-4 0  3342
2 20608  89.7404  58.8238 0091904 279.8814  79.2039 14.72237656127706
TUBSAT A                
1 21577U 91050D   11147.00102867  .00000028  00000-0  23598-4 0   773
2 21577  98.5578  97.9769 0007321  90.9009 269.3014 14.38620076 42113
S80/T                   
1 22078U 92052C   11146.81796053 -.00000037  00000-0  10000-3 0   175
2 22078  66.0863 275.3108 0015076 295.2998  64.6446 12.86737977882914
HEALTHSAT 1             
1 22827U 93061E   11147.15571310  .00000108  00000-0  58465-4 0  8447
2 22827  98.5227  94.1623 0008188 309.8168  50.2294 14.30275538921564
TUBSAT B                
1 22970U 94003B   11147.74070140  .00000051  00000-0  10000-3 0  6169
2 22970  82.5624   8.8648 0014903 275.5156  84.4276 13.16920202833372
CERISE                  
1 23606U 95033B   11147.88265717  .00001077  00000-0  13119-3 0  4296
2 23606  98.3316 306.7545 0005783 341.4164  18.6839 14.85627191857206
UPM/LBSAT               
1 23607U 95033C   11147.87181045  .00000417  00000-0  69809-4 0  6799
2 23607  98.1768 250.9040 0006587 140.2073 219.9614 14.75015488853654
FAISAT 2V               
1 24954U 97052B   11148.12235817  .00000034  00000-0  18475-4 0  1562
2 24954  82.9228 143.8637 0038297 297.3155  62.4104 13.79693134688566
MUBLCOM                 
1 25736U 99026B   11147.73006075  .00000296  00000-0  95751-4 0  3319
2 25736  97.7364  27.9627 0006610  41.8284 318.3410 14.44941813633241
RUBIN-3 & SL-8 R/B      
1 27561U 02054C   11148.06594835  .00000201  00000-0  57324-4 0  2943
2 27561  97.9606 317.2529 0047261 193.3883 166.6059 14.53911641450652
APRIZESAT 2             
1 28366U 04025A   11146.96329396  .00000091  00000-0  43189-4 0  9164
2 28366  98.1669 112.9413 0109024 196.9298 162.8218 14.35676935361925
SAUDICOMSAT 1           
1 28369U 04025D   11147.45551839  .00000107  00000-0  37744-4 0  9585
2 28369  97.9584 159.7213 0034953  22.0527 338.2186 14.50777831365785
SAUDICOMSAT 2           
1 28370U 04025E   11147.54213819 -.00000004  00000-0  10341-4 0  9648
2 28370  98.0170 142.3414 0060230  73.1997 287.5789 14.45870202364566
APRIZESAT 1             
1 28372U 04025G   11147.59478640  .00000026  00000-0  17878-4 0  9498
2 28372  97.9848 150.2466 0048121  46.7296 313.7892 14.48282414365176
NANOSAT-1               
1 28493U 04049B   11147.92935310  .00000191  00000-0  39964-4 0  9412
2 28493  98.3548 132.9384 0005050 159.5287 200.6148 14.70610682345460
SAUDICOMSAT 7           
1 31119U 07012C   11147.11083852  .00000387  00000-0  88724-4 0  2429
2 31119  97.8920 189.6860 0061609 192.8833 167.0787 14.59624657218901
SAUDICOMSAT 6           
1 31121U 07012E   11147.51187055  .00000366  00000-0  89075-4 0  2423
2 31121  97.8906 182.5110 0078369 214.1762 145.4380 14.56485853218503
SAUDICOMSAT 5           
1 31124U 07012H   11148.15800987  .00000402  00000-0  89121-4 0  2549
2 31124  97.8955 194.8733 0053421 178.3495 181.7859 14.61219424219299
SAUDICOMSAT 3           
1 31125U 07012J   11148.07910528  .00000412  00000-0  88749-4 0  2629
2 31125  97.9008 198.7502 0045086 167.9850 192.2410 14.62754804219516
SAUDICOMSAT 4           
1 31127U 07012L   11148.01577930  .00000382  00000-0  89803-4 0  2539
2 31127  97.8920 187.0007 0069661 200.9450 158.8893 14.58145336218814
APRIZESAT 4             
1 35684U 09041D   11147.31255997  .00000294  00000-0  49451-4 0  5803
2 35684  98.0789  53.4899 0050480  20.9740 339.3543 14.76232741 98336
APRIZESAT 3             
1 35686U 09041F   11148.23964633  .00000238  00000-0  35052-4 0  5799
2 35686  98.0894  61.5204 0079668   0.8220 359.3108 14.82795019 98905
AISSAT 1                
1 36797U 10035C   11147.72071046  .00000288  00000-0  44503-4 0  9013
2 36797  98.1019 215.9511 0012427 355.3113   4.7975 14.80775532 47288
